SEZIONE,ENRICO MICHETTI,ROBERTO GUALTIERI,TOTALE,AFFLUENZA
1,215,292,507,0.5090361445783133
2,109,161,270,0.42121684867394693
3,105,213,318,0.40253164556962023
4,105,142,247,0.5010141987829615
5,126,226,352,0.5301204819277109
6,112,229,341,0.4992679355783309
7,77,329,406,0.5750708215297451
8,57,83,140,0.22875816993464052
9,149,247,396,0.5210526315789473
10,125,246,371,0.526241134751773
11,116,321,437,0.5348837209302325
12,99,227,326,0.49544072948328266
13,98,299,397,0.47205707491082044
14,190,390,580,0.5840886203423967
15,141,330,471,0.5346197502837684
16,122,234,356,0.46965699208443273
17,150,299,449,0.5227008149010477
18,127,156,283,0.5053571428571428
19,96,113,209,0.396584440227704
20,166,241,407,0.5106649937264742
21,166,294,460,0.5430932703659976
22,162,292,454,0.48975188781014023
23,140,180,320,0.43956043956043955
24,134,189,323,0.3896260554885404
25,194,316,510,0.43183742591024554
26,78,127,205,0.4149797570850202
27,87,145,232,0.43856332703213613
28,99,236,335,0.4582763337893297
29,102,320,422,0.6028571428571429
30,142,270,412,0.5295629820051414
31,119,305,424,0.5139393939393939
32,162,292,454,0.47539267015706804
33,138,313,451,0.4782608695652174
34,161,364,525,0.5608974358974359
35,154,381,535,0.5821545157780196
36,153,298,451,0.4833869239013934
37,177,241,418,0.5318066157760815
38,131,228,359,0.5020979020979021
39,147,274,421,0.5554089709762533
40,151,257,408,0.49514563106796117
41,175,296,471,0.5722964763061968
42,113,250,363,0.5299270072992701
43,88,158,246,0.36716417910447763
44,102,184,286,0.4287856071964018
45,124,218,342,0.504424778761062
46,165,203,368,0.5190409026798307
47,119,238,357,0.49173553719008267
48,148,276,424,0.5158150851581509
49,135,230,365,0.48601864181091875
50,117,317,434,0.5521628498727735
51,124,248,372,0.46733668341708545
52,157,308,465,0.543859649122807
53,141,293,434,0.5299145299145299
54,165,314,479,0.5430839002267573
55,89,213,302,0.4863123993558776
56,141,273,414,0.5280612244897959
57,134,273,407,0.5184713375796178
58,131,304,435,0.5430711610486891
59,133,262,395,0.557909604519774
60,133,254,387,0.4618138424821002
61,125,271,396,0.5990922844175491
62,165,244,409,0.5460614152202937
63,191,348,539,0.5597092419522326
64,140,304,444,0.581151832460733
65,207,303,510,0.6159420289855072
66,144,235,379,0.4566265060240964
67,138,261,399,0.4006024096385542
68,143,312,455,0.5346650998824912
69,157,339,496,0.5408942202835333
70,122,243,365,0.511921458625526
71,131,314,445,0.4790096878363832
72,125,283,408,0.45383759733036705
73,115,468,583,0.5605769230769231
74,98,334,432,0.5699208443271768
75,149,385,534,0.541033434650456
76,136,371,507,0.5571428571428572
77,136,371,507,0.5105740181268882
78,126,249,375,0.4699248120300752
79,99,272,371,0.45745992601726265
80,93,252,345,0.4345088161209068
81,149,339,488,0.5224839400428265
82,138,379,517,0.5505857294994675
83,121,428,549,0.5473579262213359
84,107,338,445,0.4994388327721661
85,131,424,555,0.5419921875
86,113,402,515,0.5484558040468583
87,131,373,504,0.5361702127659574
88,114,349,463,0.5267349260523322
89,167,315,482,0.5379464285714286
90,121,254,375,0.4204035874439462
91,144,288,432,0.4576271186440678
92,157,359,516,0.5739710789766407
93,118,251,369,0.49463806970509383
94,167,320,487,0.5399113082039911
95,134,221,355,0.4708222811671088
96,152,321,473,0.5296752519596865
97,146,315,461,0.5286697247706422
98,123,203,326,0.45027624309392267
99,139,283,422,0.47791619479048697
100,183,369,552,0.5638406537282942
101,138,245,383,0.447953216374269
102,207,271,478,0.5551684088269454
103,221,202,423,0.5493506493506494
104,178,302,480,0.5298013245033113
105,166,250,416,0.5180572851805728
106,156,197,353,0.42326139088729015
107,219,300,519,0.5474683544303798
108,184,259,443,0.492769744160178
109,101,190,291,0.33916083916083917
110,87,154,241,0.2812135355892649
111,124,182,306,0.3513203214695752
112,103,198,301,0.3233082706766917
113,75,180,255,0.2874859075535513
114,181,303,484,0.5036420395421436
115,122,235,357,0.35664335664335667
116,133,188,321,0.30984555984555984
117,105,202,307,0.2824287028518859
118,107,214,321,0.33683105981112277
119,120,206,326,0.317429406037001
120,155,285,440,0.5804749340369393
121,175,324,499,0.5829439252336449
122,172,244,416,0.5636856368563685
123,168,398,566,0.6072961373390557
124,161,404,565,0.5824742268041238
125,221,302,523,0.5863228699551569
126,144,338,482,0.5133120340788072
127,163,277,440,0.5641025641025641
128,166,376,542,0.5599173553719008
129,116,291,407,0.5433911882510013
130,185,334,519,0.5598705501618123
131,193,343,536,0.5630252100840336
132,144,324,468,0.5194228634850167
133,149,381,530,0.5584826132771338
134,141,367,508,0.5398512221041445
135,128,320,448,0.5173210161662818
136,146,337,483,0.5284463894967177
137,192,372,564,0.5808444902162719
138,181,425,606,0.6115035317860746
139,149,305,454,0.5
140,134,399,533,0.5825136612021858
141,176,381,557,0.5742268041237113
142,371,130,501,0.5554323725055432
143,173,308,481,0.5472127417519909
144,177,418,595,0.5634469696969697
145,146,284,430,0.5388471177944862
146,196,280,476,0.5085470085470085
147,181,382,563,0.5822130299896587
148,197,306,503,0.5576496674057649
149,179,303,482,0.5337763012181617
150,204,357,561,0.561
151,192,462,654,0.6222645099904852
152,193,324,517,0.5413612565445026
153,169,360,529,0.5651709401709402
154,152,270,422,0.5229244114002478
155,175,326,501,0.5548172757475083
156,164,356,520,0.5615550755939525
157,160,237,397,0.4324618736383442
158,128,259,387,0.506544502617801
159,163,255,418,0.5018007202881153
160,154,300,454,0.4983534577387486
161,140,236,376,0.4759493670886076
162,96,248,344,0.5157421289355323
163,127,268,395,0.473621103117506
164,140,239,379,0.4396751740139211
165,182,362,544,0.5545361875637105
166,109,298,407,0.4945321992709599
167,155,281,436,0.5240384615384616
168,150,234,384,0.489171974522293
169,167,296,463,0.5121681415929203
170,194,354,548,0.567287784679089
171,158,322,480,0.53156146179402
172,33,61,94,0.4372093023255814
173,152,261,413,0.4609375
174,158,256,414,0.4946236559139785
175,154,218,372,0.4444444444444444
176,111,190,301,0.45884146341463417
177,129,175,304,0.3872611464968153
178,115,182,297,0.4057377049180328
179,165,205,370,0.48239895697522817
180,152,195,347,0.5102941176470588
181,95,164,259,0.4150641025641026
182,84,129,213,0.40037593984962405
183,111,169,280,0.3689064558629776
184,145,260,405,0.5024813895781638
185,169,313,482,0.5343680709534369
186,189,162,351,0.5358778625954198
187,172,220,392,0.484548825710754
188,153,156,309,0.4364406779661017
189,146,142,288,0.4011142061281337
190,181,136,317,0.397741530740276
191,123,206,329,0.4375
192,108,246,354,0.5035561877667141
193,104,148,252,0.32642487046632124
194,103,118,221,0.3166189111747851
195,53,135,188,0.30870279146141216
196,72,125,197,0.3361774744027304
197,121,195,316,0.42416107382550333
198,123,170,293,0.32519422863485015
199,91,224,315,0.42857142857142855
200,128,231,359,0.462033462033462
201,186,268,454,0.45720040281973817
202,172,284,456,0.4537313432835821
203,200,277,477,0.525909592061742
204,169,203,372,0.5131034482758621
205,124,187,311,0.36717827626918537
206,139,199,338,0.448871181938911
207,181,302,483,0.5210355987055016
208,181,287,468,0.5294117647058824
209,138,292,430,0.49539170506912444
210,134,302,436,0.5227817745803357
211,163,275,438,0.5165094339622641
212,153,298,451,0.48442534908700324
213,169,275,444,0.5162790697674419
214,124,248,372,0.5152354570637119
215,149,297,446,0.5540372670807453
216,152,277,429,0.4831081081081081
217,123,236,359,0.46262886597938147
218,174,238,412,0.5118012422360249
219,138,304,442,0.48518111964873767
220,124,225,349,0.476775956284153
221,152,303,455,0.49781181619256015
222,163,361,524,0.5424430641821946
223,138,269,407,0.5217948717948718
224,172,268,440,0.5092592592592593
225,211,358,569,0.5865979381443299
226,238,348,586,0.5131348511383538
227,116,211,327,0.5182250396196514
228,128,246,374,0.44365361803084225
229,142,269,411,0.4875444839857651
230,160,268,428,0.4592274678111588
231,149,326,475,0.5254424778761062
232,171,231,402,0.46635730858468677
233,202,339,541,0.5682773109243697
234,198,346,544,0.5511651469098278
235,170,370,540,0.5410821643286573
236,153,298,451,0.5299647473560517
237,125,301,426,0.5176184690157959
238,155,326,481,0.5554272517321016
239,165,375,540,0.627177700348432
240,158,333,491,0.5290948275862069
241,154,209,363,0.4110985277463194
242,159,164,323,0.34
243,189,317,506,0.5054945054945055
244,188,329,517,0.48182665424044735
245,157,252,409,0.4569832402234637
246,104,407,511,0.5983606557377049
247,109,308,417,0.5848527349228612
248,303,125,428,0.4543524416135881
249,147,341,488,0.6017262638717632
250,114,315,429,0.5076923076923077
251,154,399,553,0.5766423357664233
252,145,237,382,0.4033790918690602
253,70,63,133,0.4169278996865204
254,169,222,391,0.3878968253968254
255,153,237,390,0.36688617121354655
256,182,190,372,0.4449760765550239
257,203,280,483,0.5138297872340426
258,149,215,364,0.3843717001055966
259,153,169,322,0.45161290322580644
260,189,132,321,0.39194139194139194
261,108,159,267,0.37872340425531914
262,269,303,572,0.5737211634904714
263,172,332,504,0.542518837459634
264,174,145,319,0.3238578680203046
265,206,293,499,0.5197916666666667
266,219,278,497,0.5553072625698324
267,237,232,469,0.552414605418139
268,128,202,330,0.34126163391933817
269,163,232,395,0.4652532391048292
270,170,219,389,0.5193591455273698
271,107,125,232,0.34017595307917886
272,76,98,174,0.26976744186046514
273,86,135,221,0.28152866242038216
274,87,137,224,0.31024930747922436
275,95,112,207,0.28910614525139666
276,111,98,209,0.2753623188405797
277,126,208,334,0.408812729498164
278,190,237,427,0.4797752808988764
279,89,85,174,0.21997471554993678
280,73,93,166,0.16583416583416583
281,98,99,197,0.2215973003374578
282,84,117,201,0.2550761421319797
283,85,109,194,0.31239935587761675
284,139,198,337,0.3647186147186147
285,192,353,545,0.5041628122109159
286,94,367,461,0.5077092511013216
287,118,268,386,0.4806973848069738
288,95,205,300,0.4983388704318937
289,165,278,443,0.5442260442260443
290,198,303,501,0.5523704520396913
291,189,251,440,0.5452292441140025
292,107,148,255,0.44194107452339687
293,132,258,390,0.5248990578734859
294,111,264,375,0.5296610169491526
295,113,260,373,0.5677321156773212
296,135,287,422,0.5494791666666666
297,142,267,409,0.5527027027027027
298,149,292,441,0.5817941952506597
299,86,180,266,0.475
300,152,288,440,0.547945205479452
301,142,256,398,0.5422343324250681
302,130,286,416,0.5524568393094289
303,128,181,309,0.43036211699164345
304,122,230,352,0.5245901639344263
305,121,219,340,0.5159332321699545
306,115,170,285,0.4398148148148148
307,131,172,303,0.4365994236311239
308,121,286,407,0.50875
309,158,319,477,0.5042283298097252
310,177,397,574,0.5923632610939112
311,260,252,512,0.4256026600166251
312,163,272,435,0.4865771812080537
313,130,179,309,0.37409200968523004
314,271,238,509,0.4975562072336266
315,136,231,367,0.40153172866520787
316,124,261,385,0.4180238870792617
317,136,261,397,0.4157068062827225
318,98,246,344,0.4654939106901218
319,112,94,206,0.2877094972067039
320,76,107,183,0.26598837209302323
321,83,76,159,0.22779369627507162
322,67,68,135,0.3103448275862069
323,151,158,309,0.4147651006711409
324,159,166,325,0.4391891891891892
325,124,136,260,0.3542234332425068
326,115,129,244,0.34221598877980364
327,146,110,256,0.3273657289002558
328,171,204,375,0.40064102564102566
329,179,244,423,0.47635135135135137
330,161,258,419,0.5337579617834395
331,246,274,520,0.5108055009823183
332,176,234,410,0.3707052441229656
333,188,159,347,0.3555327868852459
334,194,194,388,0.4105820105820106
335,187,206,393,0.4039054470709147
336,189,147,336,0.4023952095808383
337,202,226,428,0.41312741312741313
338,180,150,330,0.40993788819875776
339,225,244,469,0.428310502283105
340,99,173,272,0.35602094240837695
341,168,87,255,0.35966149506346967
342,204,193,397,0.4800483675937122
343,134,232,366,0.46037735849056605
344,155,253,408,0.504950495049505
345,160,256,416,0.5123152709359606
346,102,190,292,0.39727891156462586
347,137,346,483,0.5577367205542725
348,104,355,459,0.5060639470782801
349,173,300,473,0.5468208092485549
350,91,104,195,0.2674897119341564
351,207,287,494,0.5260915867944622
352,180,281,461,0.5226757369614512
353,160,211,371,0.424971363115693
354,121,124,245,0.3804347826086957
355,151,220,371,0.4177927927927928
356,93,94,187,0.34823091247672255
357,162,172,334,0.4309677419354839
358,215,246,461,0.40724381625441697
359,153,169,322,0.37971698113207547
360,220,203,423,0.38280542986425337
361,171,206,377,0.4915254237288136
362,175,227,402,0.4276595744680851
363,201,226,427,0.49883177570093457
364,114,222,336,0.44680851063829785
365,218,385,603,0.5383928571428571
366,159,296,455,0.43250950570342206
367,174,230,404,0.45240761478163494
368,128,139,267,0.31785714285714284
369,127,164,291,0.31630434782608696
370,166,80,246,0.33837689133425036
371,107,125,232,0.32044198895027626
372,182,211,393,0.28375451263537904
373,231,241,472,0.4118673647469459
374,205,200,405,0.3344343517753922
375,179,147,326,0.29159212880143115
376,242,134,376,0.4064864864864865
377,139,298,437,0.4683815648445874
378,173,242,415,0.5347938144329897
379,173,242,415,0.4217479674796748
380,251,332,583,0.5304822565969063
381,131,159,290,0.32222222222222224
382,108,143,251,0.3977812995245642
383,121,185,306,0.39180537772087065
384,183,179,362,0.262699564586357
385,211,288,499,0.41036184210526316
386,87,129,216,0.3737024221453287
387,183,132,315,0.24667188723570868
388,183,132,315,0.2515974440894569
389,212,212,424,0.3466884709730172
390,206,186,392,0.3218390804597701
391,92,293,385,0.4993514915693904
392,57,144,201,0.44175824175824174
393,76,270,346,0.5607779578606159
394,46,207,253,0.4354561101549053
395,62,204,266,0.42628205128205127
396,72,256,328,0.4530386740331492
397,80,276,356,0.4778523489932886
398,76,161,237,0.36294027565084225
399,50,218,268,0.4386252045826514
400,77,278,355,0.461038961038961
401,70,204,274,0.431496062992126
402,182,327,509,0.48615090735434574
403,111,201,312,0.43213296398891965
404,149,192,341,0.4030732860520095
405,165,181,346,0.473972602739726
406,144,211,355,0.449936628643853
407,205,329,534,0.5308151093439364
408,110,184,294,0.4117647058823529
409,141,158,299,0.4482758620689655
410,132,194,326,0.3908872901678657
411,152,255,407,0.43482905982905984
412,142,241,383,0.4298540965207632
413,78,180,258,0.39631336405529954
414,84,175,259,0.23001776198934282
415,140,319,459,0.6613832853025937
416,83,230,313,0.42126514131897713
417,102,235,337,0.44517833553500663
418,98,283,381,0.4721189591078067
419,141,321,462,0.48427672955974843
420,146,258,404,0.4944920440636475
421,129,263,392,0.49370277078085645
422,124,269,393,0.47694174757281554
423,118,244,362,0.46350832266325226
424,137,255,392,0.4677804295942721
425,139,266,405,0.45403587443946186
426,142,217,359,0.47930574098798395
427,129,260,389,0.46144721233689207
428,151,253,404,0.5012406947890818
429,143,236,379,0.45995145631067963
430,112,325,437,0.4855555555555556
431,177,271,448,0.5579078455790785
432,133,224,357,0.4322033898305085
433,161,234,395,0.4713603818615752
434,193,231,424,0.49017341040462425
435,107,200,307,0.4323943661971831
436,136,229,365,0.45006165228113443
437,168,252,420,0.4970414201183432
438,161,261,422,0.4982290436835891
439,131,210,341,0.45956873315363883
440,153,255,408,0.4657534246575342
441,136,287,423,0.44526315789473686
442,79,307,386,0.435665914221219
443,105,241,346,0.42558425584255843
444,156,240,396,0.5210526315789473
445,135,260,395,0.4463276836158192
446,83,235,318,0.4200792602377807
447,145,238,383,0.4878980891719745
448,57,131,188,0.344954128440367
449,128,151,279,0.5568862275449101
450,178,266,444,0.5447852760736196
451,139,231,370,0.5174825174825175
452,166,184,350,0.49786628733997157
453,117,173,290,0.4227405247813411
454,133,259,392,0.45213379469434833
455,179,229,408,0.5204081632653061
456,148,175,323,0.40476190476190477
457,136,268,404,0.5698166431593794
458,165,279,444,0.5461254612546126
459,149,250,399,0.4767025089605735
460,151,228,379,0.487146529562982
461,176,110,286,0.4028169014084507
462,151,262,413,0.5036585365853659
463,162,251,413,0.46613995485327314
464,141,228,369,0.44727272727272727
465,158,227,385,0.4594272076372315
466,128,181,309,0.34219269102990035
467,210,240,450,0.4833512352309345
468,134,250,384,0.463768115942029
469,193,224,417,0.4592511013215859
470,163,168,331,0.41740226986128626
471,98,208,306,0.5907335907335908
472,143,219,362,0.5552147239263804
473,122,190,312,0.5483304042179262
474,94,210,304,0.5277777777777778
475,173,392,565,0.5207373271889401
476,89,127,216,0.4294234592445328
477,140,152,292,0.22409823484267075
478,118,287,405,0.5921052631578947
479,122,186,308,0.48580441640378547
480,155,201,356,0.46596858638743455
481,129,188,317,0.4127604166666667
482,114,164,278,0.40524781341107874
483,154,206,360,0.4411764705882353
484,149,227,376,0.42342342342342343
485,134,190,324,0.4122137404580153
486,111,198,309,0.47685185185185186
487,111,197,308,0.38451935081148564
488,114,212,326,0.4152866242038217
489,97,148,245,0.36731634182908546
490,82,124,206,0.3814814814814815
491,238,230,468,0.3936080740117746
492,177,268,445,0.4210028382213813
493,160,191,351,0.3770139634801289
494,167,278,445,0.445
495,169,215,384,0.43001119820828665
496,172,260,432,0.4605543710021322
497,201,271,472,0.41622574955908287
498,177,160,337,0.3873563218390805
499,133,178,311,0.4119205298013245
500,125,209,334,0.3839080459770115
501,137,172,309,0.3891687657430731
502,163,223,386,0.44779582366589327
503,189,213,402,0.47017543859649125
504,115,203,318,0.38922888616891066
505,129,252,381,0.4309954751131222
506,151,137,288,0.3754889178617992
507,137,167,304,0.39225806451612905
508,129,253,382,0.42350332594235035
509,146,240,386,0.4106382978723404
510,144,121,265,0.31774580335731417
511,187,240,427,0.4490010515247108
512,230,209,439,0.3976449275362319
513,160,202,362,0.6557971014492754
514,176,177,353,0.41578327444051827
515,218,178,396,0.3393316195372751
516,130,189,319,0.4544159544159544
517,84,129,213,0.5378787878787878
518,73,129,202,0.5343915343915344
519,196,92,288,0.28599801390268126
520,151,225,376,0.4047362755651238
521,202,178,380,0.32395566922421143
522,156,197,353,0.39135254988913526
523,123,109,232,0.3760129659643436
524,165,208,373,0.39978563772775993
525,118,197,315,0.3732227488151659
526,118,205,323,0.3992583436341162
527,151,210,361,0.45125
528,139,215,354,0.43757725587144625
529,161,231,392,0.4740024183796856
530,115,126,241,0.3508005822416303
531,132,234,366,0.3430178069353327
532,137,225,362,0.35912698412698413
533,169,229,398,0.37406015037593987
534,205,169,374,0.3585810162991371
535,161,198,359,0.3655804480651731
536,173,248,421,0.331496062992126
537,149,162,311,0.42027027027027025
538,152,180,332,0.4351245085190039
539,212,191,403,0.5012437810945274
540,135,189,324,0.4682080924855491
541,153,199,352,0.5057471264367817
542,126,186,312,0.4588235294117647
543,98,185,283,0.3704188481675393
544,98,156,254,0.3659942363112392
545,151,225,376,0.46766169154228854
546,175,249,424,0.48847926267281105
547,188,127,315,0.4326923076923077
548,164,195,359,0.4388753056234719
549,138,205,343,0.507396449704142
550,136,124,260,0.3606102635228849
551,121,123,244,0.3873015873015873
552,184,176,360,0.39823008849557523
553,152,157,309,0.3665480427046263
554,171,170,341,0.4645776566757493
555,132,146,278,0.3365617433414044
556,169,257,426,0.47757847533632286
557,121,261,382,0.49417852522639066
558,121,261,382,0.5100133511348465
559,111,216,327,0.44010767160161507
560,110,208,318,0.5463917525773195
561,182,284,466,0.48846960167714887
562,204,272,476,0.49583333333333335
563,210,296,506,0.47289719626168225
564,143,155,298,0.32964601769911506
565,96,132,228,0.32571428571428573
566,140,138,278,0.3289940828402367
567,157,180,337,0.3833902161547213
568,181,366,547,0.5069508804448564
569,93,171,264,0.32917705735660846
570,99,143,242,0.3398876404494382
571,125,233,358,0.4897400820793434
572,148,283,431,0.49032992036405004
573,172,242,414,0.5726141078838174
574,94,288,382,0.6131621187800963
575,132,262,394,0.5588652482269504
576,175,251,426,0.5447570332480819
577,230,180,410,0.7854406130268199
578,184,228,412,0.6721044045676998
579,162,208,370,0.5006765899864682
580,132,216,348,0.43828715365239296
581,125,220,345,0.4521625163826999
582,154,163,317,0.4187582562747688
583,140,202,342,0.42910915934755334
584,88,126,214,0.3061516452074392
585,102,156,258,0.3472409152086137
586,115,160,275,0.3309265944645006
587,135,181,316,0.3915737298636927
588,118,220,338,0.3810597519729425
589,165,199,364,0.4702842377260982
590,165,199,364,0.4359281437125748
591,155,218,373,0.45879458794587946
592,190,278,468,0.5026852846401718
593,217,228,445,0.5569461827284106
594,151,199,350,0.46174142480211083
595,190,303,493,0.6582109479305741
596,185,272,457,0.6613603473227206
597,165,167,332,0.4790764790764791
598,191,240,431,0.5301353013530136
599,138,228,366,0.5221112696148359
600,152,260,412,0.49106078665077474
601,188,206,394,0.5353260869565217
602,177,199,376,0.48020434227330777
603,179,226,405,0.4787234042553192
604,127,71,198,0.2894736842105263
605,74,67,141,0.23618090452261306
606,77,79,156,0.22349570200573066
607,97,118,215,0.278137128072445
608,96,101,197,0.28885630498533726
609,117,131,248,0.37293233082706767
610,139,171,310,0.40312093628088425
611,136,181,317,0.39575530586766544
612,98,176,274,0.3908701854493581
613,119,150,269,0.35723771580345287
614,159,211,370,0.3931987247608927
615,111,117,228,0.3910806174957118
616,215,164,379,0.36689254598257504
617,165,215,380,0.38422649140546006
618,121,202,323,0.3473118279569892
619,124,151,275,0.34987277353689566
620,124,177,301,0.36529126213592233
621,151,185,336,0.3952941176470588
622,122,155,277,0.4301242236024845
623,117,157,274,0.36100131752305664
624,107,169,276,0.35294117647058826
625,141,144,285,0.4318181818181818
626,168,191,359,0.4131185270425777
627,195,202,397,0.34283246977547494
628,185,209,394,0.37595419847328243
629,87,105,192,0.39263803680981596
630,148,179,327,0.3409801876955162
631,191,183,374,0.3879668049792531
632,98,140,238,0.4375
633,126,143,269,0.3944281524926686
634,140,151,291,0.38645418326693226
635,175,208,383,0.4407364787111623
636,154,170,324,0.41379310344827586
637,126,177,303,0.44756277695716395
638,112,212,324,0.47230320699708456
639,110,213,323,0.5686619718309859
640,169,182,351,0.5262368815592204
641,120,172,292,0.37922077922077924
642,143,193,336,0.5177195685670262
643,121,128,249,0.43005181347150256
644,142,260,402,0.5227568270481144
645,166,333,499,0.5429815016322089
646,142,264,406,0.4496124031007752
647,142,275,417,0.5346153846153846
648,146,336,482,0.501039501039501
649,114,328,442,0.5293413173652695
650,139,258,397,0.5607344632768362
651,148,396,544,0.5874730021598272
652,180,340,520,0.5405405405405406
653,119,286,405,0.574468085106383
654,134,278,412,0.535064935064935
655,215,199,414,0.32547169811320753
656,147,123,270,0.30716723549488056
657,196,228,424,0.4152791380999021
658,104,105,209,0.3360128617363344
659,99,136,235,0.3555219364599092
660,112,98,210,0.3312302839116719
661,183,140,323,0.35223555070883317
662,232,209,441,0.4053308823529412
663,149,204,353,0.411901983663944
664,162,146,308,0.39036755386565275
665,206,174,380,0.4367816091954023
666,214,160,374,0.43337195828505215
667,214,160,374,0.45169082125603865
668,202,221,423,0.3656006914433881
669,178,254,432,0.4114285714285714
670,192,225,417,0.38256880733944953
671,187,172,359,0.4208675263774912
672,206,180,386,0.3751214771622935
673,195,178,373,0.42775229357798167
674,161,132,293,0.37135614702154623
675,171,140,311,0.33369098712446355
676,150,175,325,0.36599099099099097
677,109,70,179,0.3509803921568627
678,148,106,254,0.36079545454545453
679,191,170,361,0.3661257606490872
680,137,159,296,0.33674630261660976
681,212,159,371,0.37248995983935745
682,178,140,318,0.24632068164213788
683,231,178,409,0.5527027027027027
684,105,96,201,0.19142857142857142
685,173,173,346,0.31227436823104693
686,190,145,335,0.32875368007850836
687,226,139,365,0.29918032786885246
688,187,193,380,0.3079416531604538
689,201,189,390,0.35977859778597787
690,185,111,296,0.351961950059453
691,175,117,292,0.2517241379310345
692,226,115,341,0.31574074074074077
693,234,113,347,0.3422090729783038
694,197,140,337,0.3539915966386555
695,115,99,214,0.4083969465648855
696,101,104,205,0.39883268482490275
697,137,184,321,0.42070773263433814
698,119,227,346,0.4219512195121951
699,118,171,289,0.3388042203985932
700,98,174,272,0.37830319888734354
701,111,132,243,0.33016304347826086
702,124,131,255,0.36743515850144093
703,79,89,168,0.30996309963099633
704,97,94,191,0.26863572433192684
705,135,154,289,0.39373297002724794
706,100,120,220,0.3486529318541997
707,134,151,285,0.3450363196125908
708,89,126,215,0.36626916524701875
709,194,144,338,0.3626609442060086
710,176,134,310,0.3600464576074332
711,149,150,299,0.33370535714285715
712,205,128,333,0.3627450980392157
713,166,157,323,0.37514518002322883
714,177,159,336,0.35782747603833864
715,177,146,323,0.3269230769230769
716,188,161,349,0.3428290766208251
717,145,212,357,0.37658227848101267
718,187,138,325,0.38782816229116945
719,163,156,319,0.38433734939759034
720,170,186,356,0.4063926940639269
721,142,135,277,0.3373934226552984
722,125,143,268,0.30282485875706217
723,148,170,318,0.35372636262513907
724,163,140,303,0.3519163763066202
725,138,111,249,0.311639549436796
726,150,83,233,0.34776119402985073
727,117,87,204,0.3274478330658106
728,181,146,327,0.37032842582106457
729,118,126,244,0.3669172932330827
730,174,192,366,0.3630952380952381
731,150,140,290,0.34688995215311
732,107,106,213,0.2759067357512953
733,158,143,301,0.384418901660281
734,118,103,221,0.38704028021015763
735,89,72,161,0.2701342281879195
736,86,66,152,0.2962962962962963
737,73,60,133,0.25
738,88,82,170,0.24709302325581395
739,74,104,178,0.2956810631229236
740,67,57,124,0.24750499001996007
741,91,63,154,0.21359223300970873
742,71,29,100,0.1557632398753894
743,221,96,317,0.250197316495659
744,51,35,86,0.1702970297029703
745,123,85,208,0.2334455667789001
746,58,43,101,0.19385796545105566
747,72,41,113,0.18108974358974358
748,52,73,125,0.21514629948364888
749,150,150,300,0.33076074972436603
750,90,94,184,0.27218934911242604
751,77,50,127,0.17069892473118278
752,107,73,180,0.25316455696202533
753,137,123,260,0.3504043126684636
754,173,126,299,0.3818646232439336
755,171,141,312,0.37545126353790614
756,168,138,306,0.379182156133829
757,159,145,304,0.3989501312335958
758,188,146,334,0.3453981385729059
759,267,199,466,0.48643006263048016
760,190,143,333,0.3384146341463415
761,242,168,410,0.422680412371134
762,192,157,349,0.3107747105966162
763,190,165,355,0.2766952455183164
764,199,130,329,0.26596604688763137
765,181,206,387,0.31386861313868614
766,207,157,364,0.3181818181818182
767,150,129,279,0.33533653846153844
768,165,123,288,0.3384253819036428
769,221,159,380,0.31852472757753564
770,220,136,356,0.2884927066450567
771,188,149,337,0.31882686849574265
772,186,170,356,0.39163916391639164
773,182,113,295,0.38461538461538464
774,144,106,250,0.38580246913580246
775,183,119,302,0.22503725782414308
776,183,131,314,0.2754385964912281
777,237,121,358,0.35236220472440943
778,216,150,366,0.34593572778827975
779,182,91,273,0.2826086956521739
780,224,179,403,0.40996948118006105
781,189,131,320,0.256
782,191,143,334,0.2990152193375112
783,174,142,316,0.36280137772675086
784,238,171,409,0.37385740402193784
785,266,153,419,0.36916299559471366
786,157,101,258,0.3578363384188627
787,207,131,338,0.32468780019212296
788,201,111,312,0.28184281842818426
789,260,124,384,0.3674641148325359
790,190,135,325,0.3837072018890201
791,177,153,330,0.36223929747530187
792,226,156,382,0.360377358490566
793,226,116,342,0.33661417322834647
794,173,139,312,0.30678466076696165
795,249,222,471,0.3954659949622166
796,186,156,342,0.33827893175074186
797,215,194,409,0.3959341723136496
798,181,146,327,0.38698224852071006
799,216,149,365,0.35402521823472355
800,230,214,444,0.441351888667992
801,281,200,481,0.41323024054982815
802,263,175,438,0.369620253164557
803,166,197,363,0.3911637931034483
804,211,126,337,0.3619763694951665
805,191,138,329,0.39401197604790417
806,143,162,305,0.39203084832904883
807,220,192,412,0.4411134903640257
808,165,177,342,0.39355581127733025
809,174,184,358,0.4292565947242206
810,120,116,236,0.28128724672228844
811,200,163,363,0.41391106043329534
812,189,170,359,0.43149038461538464
813,132,186,318,0.43383356070941337
814,86,60,146,0.24620573355817876
815,160,138,298,0.3156779661016949
816,179,116,295,0.3165236051502146
817,47,72,119,0.2686230248306998
818,179,113,292,0.35784313725490197
819,189,242,431,0.43711967545638947
820,169,232,401,0.44017563117453345
821,250,272,522,0.4842300556586271
822,211,261,472,0.4591439688715953
823,242,277,519,0.4398305084745763
824,225,218,443,0.36916666666666664
825,222,238,460,0.3968938740293356
826,191,252,443,0.4857456140350877
827,135,269,404,0.44298245614035087
828,79,189,268,0.4863883847549909
829,102,166,268,0.4364820846905538
830,77,261,338,0.5176110260336907
831,92,238,330,0.5092592592592593
832,97,184,281,0.5203703703703704
833,95,285,380,0.5270457697642164
834,72,235,307,0.5016339869281046
835,92,285,377,0.5026666666666667
836,121,222,343,0.4844632768361582
837,122,304,426,0.5642384105960265
838,146,325,471,0.552168815943728
839,123,263,386,0.48009950248756217
840,76,133,209,0.5160493827160494
841,116,250,366,0.5562310030395137
842,182,306,488,0.43884892086330934
843,124,298,422,0.5672043010752689
844,210,246,456,0.4355300859598854
845,164,323,487,0.6484687083888149
846,90,323,413,0.5042735042735043
847,101,290,391,0.5666666666666667
848,148,243,391,0.3012326656394453
849,286,331,617,0.5300687285223368
850,255,267,522,0.48467966573816157
851,111,375,486,0.5466816647919011
852,106,257,363,0.4331742243436754
853,128,258,386,0.5019505851755527
854,153,312,465,0.5104281009879253
855,139,270,409,0.6253822629969419
856,171,240,411,0.8074656188605108
857,115,268,383,0.5993740219092332
858,128,240,368,0.6690909090909091
859,198,330,528,0.7564469914040115
860,80,217,297,0.27297794117647056
861,124,296,420,0.48951048951048953
862,197,282,479,0.740340030911901
863,109,295,404,0.4681344148319815
864,134,289,423,0.5139732685297691
865,160,323,483,0.508421052631579
866,135,316,451,0.5256410256410257
867,82,235,317,0.5179738562091504
868,129,261,390,0.5038759689922481
869,106,327,433,0.5399002493765586
870,101,222,323,0.4785185185185185
871,127,241,368,0.5302593659942363
872,179,319,498,0.751131221719457
873,239,361,600,0.5692599620493358
874,127,215,342,0.5402843601895735
875,157,238,395,0.4509132420091324
876,147,278,425,0.48405466970387245
877,179,319,498,0.5112936344969199
878,134,294,428,0.4403292181069959
879,142,240,382,0.46079613992762364
880,134,305,439,0.5134502923976608
881,69,178,247,0.4379432624113475
882,111,182,293,0.48833333333333334
883,138,242,380,0.4662576687116564
884,105,234,339,0.4794908062234795
885,110,203,313,0.515650741350906
886,177,308,485,0.5613425925925926
887,138,270,408,0.5119196988707654
888,133,239,372,0.512396694214876
889,107,224,331,0.425997425997426
890,150,284,434,0.5216346153846154
891,158,292,450,0.5710659898477157
892,123,197,320,0.5071315372424723
893,127,198,325,0.5166931637519873
894,145,246,391,0.5546099290780142
895,123,254,377,0.5755725190839694
896,122,250,372,0.533715925394548
897,119,194,313,0.442090395480226
898,113,212,325,0.49019607843137253
899,100,180,280,0.44025157232704404
900,88,223,311,0.4655688622754491
901,130,222,352,0.4282238442822384
902,115,236,351,0.5007132667617689
903,102,253,355,0.4557124518613607
904,134,232,366,0.46329113924050636
905,91,184,275,0.451559934318555
906,107,274,381,0.48227848101265824
907,101,152,253,0.4912621359223301
908,122,300,422,0.49705535924617195
909,102,232,334,0.5075987841945289
910,145,202,347,0.4583883751651255
911,114,255,369,0.4823529411764706
912,167,269,436,0.5117370892018779
913,110,204,314,0.5190082644628099
914,132,212,344,0.5172932330827068
915,176,288,464,0.5161290322580645
916,125,198,323,0.46275071633237824
917,135,276,411,0.43446088794926
918,92,134,226,0.35478806907378335
919,167,195,362,0.3339483394833948
920,127,226,353,0.44627054361567636
921,146,242,388,0.49363867684478374
922,90,207,297,0.40796703296703296
923,117,181,298,0.4037940379403794
924,134,201,335,0.49851190476190477
925,119,172,291,0.3745173745173745
926,88,122,210,0.3448275862068966
927,60,153,213,0.3397129186602871
928,95,159,254,0.3774145616641902
929,74,154,228,0.41605839416058393
930,159,187,346,0.34949494949494947
931,124,165,289,0.4587301587301587
932,189,298,487,0.4302120141342756
933,128,189,317,0.40485312899106
934,127,142,269,0.443163097199341
935,152,318,470,0.41519434628975266
936,180,262,442,0.49440715883668906
937,53,146,199,0.3856589147286822
938,60,158,218,0.35855263157894735
939,47,117,164,0.37962962962962965
940,66,161,227,0.4468503937007874
941,122,166,288,0.4357034795763994
942,152,233,385,0.47530864197530864
943,166,196,362,0.440925700365408
944,126,166,292,0.503448275862069
945,111,170,281,0.3924581005586592
946,194,228,422,0.4694104560622914
947,156,253,409,0.4412081984897519
948,182,280,462,0.5238095238095238
949,166,132,298,0.31769722814498935
950,160,203,363,0.46124523506988563
951,123,190,313,0.4075520833333333
952,166,245,411,0.4840989399293286
953,97,171,268,0.4110429447852761
954,148,267,415,0.4831199068684517
955,125,237,362,0.45649432534678436
956,148,303,451,0.48442534908700324
957,110,206,316,0.42702702702702705
958,91,198,289,0.4164265129682997
959,131,298,429,0.4869466515323496
960,107,252,359,0.47112860892388453
961,81,240,321,0.41101152368758004
962,167,425,592,0.5955734406438632
963,108,245,353,0.5389312977099237
964,98,243,341,0.47099447513812154
965,120,224,344,0.5043988269794721
966,180,325,505,0.5447680690399137
967,91,225,316,0.5171849427168577
968,116,331,447,0.534688995215311
969,99,389,488,0.5727699530516432
970,139,303,442,0.5688545688545689
971,137,230,367,0.5453194650817236
972,143,361,504,0.5419354838709678
973,116,288,404,0.5088161209068011
974,114,264,378,0.4638036809815951
975,127,318,445,0.4994388327721661
976,109,189,298,0.4144645340751043
977,131,337,468,0.5229050279329609
978,122,282,404,0.531578947368421
979,87,295,382,0.5026315789473684
980,128,240,368,0.4754521963824289
981,128,257,385,0.5407303370786517
982,122,292,414,0.5440210249671484
983,151,260,411,0.529639175257732
984,103,195,298,0.4775641025641026
985,120,301,421,0.5329113924050632
986,130,250,380,0.4720496894409938
987,93,167,260,0.43844856661045534
988,166,305,471,0.5187224669603524
989,116,242,358,0.4649350649350649
990,87,256,343,0.5007299270072992
991,113,262,375,0.46296296296296297
992,118,260,378,0.4883720930232558
993,111,251,362,0.5178826895565093
994,84,235,319,0.5557491289198606
995,159,294,453,0.521889400921659
996,135,293,428,0.5609436435124509
997,88,348,436,0.5202863961813843
998,134,316,450,0.5136986301369864
999,109,238,347,0.5133136094674556
1000,69,238,307,0.5194585448392555
1001,80,208,288,0.5124555160142349
1002,159,308,467,0.5779702970297029
1003,140,308,448,0.5173210161662818
1004,156,318,474,0.5780487804878048
1005,104,232,336,0.5393258426966292
1006,93,237,330,0.5602716468590832
1007,131,277,408,0.5666666666666667
1008,137,357,494,0.4655984919886899
1009,184,221,405,0.421875
1010,190,377,567,0.5163934426229508
1011,232,273,505,0.5561674008810573
1012,214,324,538,0.5051643192488263
1013,200,333,533,0.48148148148148145
1014,97,215,312,0.5226130653266332
1015,104,177,281,0.4844827586206897
1016,65,146,211,0.5047846889952153
1017,180,262,442,0.5224586288416075
1018,130,259,389,0.5025839793281653
1019,148,253,401,0.4802395209580838
1020,157,204,361,0.4307875894988067
1021,134,252,386,0.5578034682080925
1022,124,322,446,0.5853018372703412
1023,28,21,49,0.3712121212121212
1024,154,234,388,0.42590559824368823
1025,142,212,354,0.44416562107904645
1026,86,140,226,0.4101633393829401
1027,101,265,366,0.4420289855072464
1028,101,149,250,0.35511363636363635
1029,129,179,308,0.3802469135802469
1030,106,170,276,0.33093525179856115
1031,193,93,286,0.3470873786407767
1032,88,153,241,0.3265582655826558
1033,102,172,274,0.3629139072847682
1034,101,155,256,0.3843843843843844
1035,90,152,242,0.3865814696485623
1036,86,168,254,0.3628571428571429
1037,85,199,284,0.3917241379310345
1038,100,174,274,0.37228260869565216
1039,75,121,196,0.3141025641025641
1040,123,199,322,0.3837902264600715
1041,110,185,295,0.43833580980683506
1042,219,261,480,0.43478260869565216
1043,85,184,269,0.4088145896656535
1044,100,156,256,0.3473541383989145
1045,96,160,256,0.3511659807956104
1046,90,156,246,0.3898573692551506
1047,97,165,262,0.39939024390243905
1048,110,143,253,0.36507936507936506
1049,109,182,291,0.4470046082949309
1050,100,205,305,0.49193548387096775
1051,112,166,278,0.44551282051282054
1052,110,190,300,0.44510385756676557
1053,106,162,268,0.3785310734463277
1054,135,187,322,0.4128205128205128
1055,136,180,316,0.4046094750320102
1056,108,191,299,0.35259433962264153
1057,71,143,214,0.44306418219461696
1058,142,271,413,0.48991696322657174
1059,217,248,465,0.6485355648535565
1060,119,280,399,0.4453125
1061,138,172,310,0.40103492884864167
1062,109,178,287,0.33964497041420116
1063,123,211,334,0.41854636591478694
1064,125,271,396,0.515625
1065,109,241,350,0.47106325706594887
1066,162,299,461,0.5168161434977578
1067,107,257,364,0.4783180026281209
1068,77,146,223,0.46265560165975106
1069,101,182,283,0.4492063492063492
1070,83,70,153,0.29423076923076924
1071,142,205,347,0.4190821256038647
1072,150,299,449,0.5202780996523755
1073,63,79,142,0.2595978062157221
1074,205,270,475,0.40563620836891545
1075,64,69,133,0.12523540489642185
1076,164,251,415,0.4396186440677966
1077,147,292,439,0.4883203559510567
1078,110,190,300,0.47619047619047616
1079,125,200,325,0.41035353535353536
1080,111,173,284,0.36597938144329895
1081,102,148,250,0.45045045045045046
1082,210,123,333,0.5123076923076924
1083,95,179,274,0.38975817923186346
1084,106,89,195,0.28888888888888886
1085,143,180,323,0.4238845144356955
1086,132,124,256,0.4436741767764298
1087,148,209,357,0.4501891551071879
1088,118,145,263,0.38394160583941606
1089,112,108,220,0.3283582089552239
1090,81,106,187,0.2921875
1091,109,199,308,0.4709480122324159
1092,102,184,286,0.44617784711388453
1093,119,252,371,0.5471976401179941
1094,123,253,376,0.49933598937583
1095,118,332,450,0.48025613660619
1096,149,256,405,0.46498277841561425
1097,103,223,326,0.4946889226100152
1098,144,284,428,0.5290482076637825
1099,143,250,393,0.5428176795580111
1100,142,313,455,0.48872180451127817
1101,116,168,284,0.4973730297723292
1102,113,308,421,0.45910577971646677
1103,164,287,451,0.5602484472049689
1104,170,309,479,0.5550405561993047
1105,135,302,437,0.5303398058252428
1106,106,215,321,0.47345132743362833
1107,135,255,390,0.49304677623261695
1108,109,196,305,0.4780564263322884
1109,97,233,330,0.5348460291734197
1110,164,258,422,0.5059952038369304
1111,109,235,344,0.5051395007342144
1112,218,309,527,0.5233366434955313
1113,165,210,375,0.5040322580645161
1114,153,259,412,0.44782608695652176
1115,95,249,344,0.4
1116,128,217,345,0.48936170212765956
1117,106,271,377,0.5087719298245614
1118,142,193,335,0.40704738760631837
1119,140,237,377,0.514324693042292
1120,112,160,272,0.4121212121212121
1121,113,227,340,0.5573770491803278
1122,96,145,241,0.4781746031746032
1123,164,241,405,0.49390243902439024
1124,173,250,423,0.4935822637106184
1125,163,259,422,0.4451476793248945
1126,196,194,390,0.43820224719101125
1127,29,33,62,0.32460732984293195
1128,176,180,356,0.413472706155633
1129,115,135,250,0.3117206982543641
1130,135,199,334,0.4326424870466321
1131,130,200,330,0.41719342604298354
1132,96,129,225,0.3373313343328336
1133,90,102,192,0.3221476510067114
1134,92,134,226,0.3785594639865997
1135,102,121,223,0.3441358024691358
1136,169,262,431,0.4380081300813008
1137,165,257,422,0.47576099210823
1138,166,264,430,0.46336206896551724
1139,100,219,319,0.47050147492625366
1140,107,180,287,0.38836265223274696
1141,113,235,348,0.44903225806451613
1142,111,161,272,0.37777777777777777
1143,139,223,362,0.4623243933588761
1144,159,271,430,0.47619047619047616
1145,107,195,302,0.5373665480427047
1146,106,186,292,0.44992295839753466
1147,115,156,271,0.44136807817589574
1148,131,261,392,0.47515151515151516
1149,96,174,270,0.4192546583850932
1150,112,249,361,0.42621015348288077
1151,116,233,349,0.42560975609756097
1152,200,292,492,0.44931506849315067
1153,192,265,457,0.39601386481802425
1154,146,142,288,0.3449101796407186
1155,204,165,369,0.31810344827586207
1156,226,183,409,0.3925143953934741
1157,129,178,307,0.3703256936067551
1158,174,265,439,0.41493383742911155
1159,183,234,417,0.4798619102416571
1160,201,264,465,0.38589211618257263
1161,244,247,491,0.41191275167785235
1162,165,302,467,0.3927670311185871
1163,104,163,267,0.3662551440329218
1164,140,278,418,0.4843568945538818
1165,158,222,380,0.39054470709146966
1166,225,200,425,0.397196261682243
1167,136,194,330,0.4225352112676056
1168,175,257,432,0.40411599625818523
1169,212,206,418,0.440463645943098
1170,168,230,398,0.4167539267015707
1171,170,205,375,0.390625
1172,171,226,397,0.4192185850052798
1173,187,205,392,0.3975659229208925
1174,140,193,333,0.374578177727784
1175,130,192,322,0.4375
1176,131,165,296,0.4900662251655629
1177,195,199,394,0.42184154175588867
1178,122,189,311,0.3724550898203593
1179,105,190,295,0.3949129852744311
1180,127,201,328,0.43386243386243384
1181,115,145,260,0.48598130841121495
1182,105,181,286,0.49225473321858865
1183,142,186,328,0.4499314128943759
1184,159,169,328,0.4293193717277487
1185,181,257,438,0.4786885245901639
1186,153,162,315,0.3351063829787234
1187,192,196,388,0.3903420523138833
1188,183,193,376,0.3682664054848188
1189,136,175,311,0.3154158215010142
1190,173,200,373,0.3502347417840376
1191,178,243,421,0.43854166666666666
1192,203,206,409,0.40656063618290256
1193,143,159,302,0.33296582138919517
1194,118,94,212,0.4291497975708502
1195,69,60,129,0.40062111801242234
1196,147,149,296,0.3596597812879708
1197,197,174,371,0.4464500601684717
1198,240,162,402,0.39880952380952384
1199,245,304,549,0.4728682170542636
1200,186,201,387,0.3940936863543788
1201,209,218,427,0.400562851782364
1202,187,172,359,0.41359447004608296
1203,262,155,417,0.46959459459459457
1204,241,178,419,0.4119960668633235
1205,197,180,377,0.3092698933552092
1206,137,98,235,0.2290448343079922
1207,274,278,552,0.4150375939849624
1208,229,235,464,0.4544564152791381
1209,183,144,327,0.40024479804161567
1210,154,116,270,0.3595206391478029
1211,192,250,442,0.4055045871559633
1212,200,213,413,0.4163306451612903
1213,117,124,241,0.3559822747415066
1214,223,163,386,0.32301255230125525
1215,188,236,424,0.3518672199170125
1216,191,231,422,0.42326980942828485
1217,110,387,497,0.47243346007604564
1218,154,209,363,0.4795244385733157
1219,205,201,406,0.4629418472063854
1220,102,343,445,0.4494949494949495
1221,92,406,498,0.5824561403508772
1222,68,320,388,0.5623188405797102
1223,132,275,407,0.5125944584382871
1224,86,262,348,0.4943181818181818
1225,64,141,205,0.4218106995884774
1226,97,290,387,0.5072083879423329
1227,58,199,257,0.4803738317757009
1228,138,371,509,0.6230110159118727
1229,102,275,377,0.5729483282674772
1230,80,336,416,0.47058823529411764
1231,50,149,199,0.41030927835051545
1232,103,307,410,0.4520396912899669
1233,85,212,297,0.38823529411764707
1234,112,204,316,0.4444444444444444
1235,133,266,399,0.4807228915662651
1236,123,313,436,0.5196662693682956
1237,127,236,363,0.5062761506276151
1238,137,285,422,0.5235732009925558
1239,129,297,426,0.4959254947613504
1240,187,375,562,0.5137111517367459
1241,104,207,311,0.5115131578947368
1242,137,333,470,0.534698521046644
1243,112,259,371,0.5570570570570571
1244,79,223,302,0.40482573726541554
1245,106,200,306,0.40476190476190477
1246,61,144,205,0.3817504655493482
1247,67,298,365,0.44242424242424244
1248,93,177,270,0.37815126050420167
1249,105,340,445,0.496098104793757
1250,105,348,453,0.5038932146829811
1251,88,183,271,0.4804964539007092
1252,112,197,309,0.40927152317880794
1253,100,280,380,0.5234159779614325
1254,69,227,296,0.4805194805194805
1255,93,219,312,0.4083769633507853
1256,121,297,418,0.4958481613285884
1257,82,301,383,0.4817610062893082
1258,85,378,463,0.5297482837528604
1259,89,388,477,0.5719424460431655
1260,99,424,523,0.5956719817767654
1261,92,167,259,0.5159362549800797
1262,78,212,290,0.4061624649859944
1263,104,411,515,0.5709534368070953
1264,58,227,285,0.4956521739130435
1265,97,200,297,0.45692307692307693
1266,76,266,342,0.45118733509234826
1267,85,246,331,0.5053435114503817
1268,114,231,345,0.4551451187335092
1269,130,356,486,0.5083682008368201
1270,201,182,383,0.3833833833833834
1271,152,342,494,0.524416135881104
1272,138,262,400,0.49504950495049505
1273,119,103,222,0.4036363636363636
1274,99,255,354,0.4555984555984556
1275,97,188,285,0.5449330783938815
1276,68,268,336,0.48484848484848486
1277,101,221,322,0.4236842105263158
1278,104,279,383,0.4929214929214929
1279,88,204,292,0.5478424015009381
1280,129,286,415,0.5623306233062331
1281,152,302,454,0.5476477683956574
1282,80,249,329,0.46534653465346537
1283,90,209,299,0.46500777604976673
1284,151,308,459,0.4909090909090909
1285,101,219,320,0.4976671850699845
1286,76,246,322,0.46938775510204084
1287,128,275,403,0.4969173859432799
1288,280,116,396,0.5142857142857142
1289,97,180,277,0.4920071047957371
1290,99,221,320,0.5271828665568369
1291,101,157,258,0.3782991202346041
1292,87,183,270,0.36535859269282817
1293,120,160,280,0.44025157232704404
1294,20,36,56,0.3684210526315789
1295,85,306,391,0.43492769744160176
1296,64,172,236,0.5053533190578159
1297,48,154,202,0.41735537190082644
1298,131,217,348,0.4046511627906977
1299,130,204,334,0.4441489361702128
1300,104,163,267,0.3997005988023952
1301,126,229,355,0.4720744680851064
1302,118,164,282,0.44549763033175355
1303,101,215,316,0.42934782608695654
1304,144,221,365,0.4905913978494624
1305,110,180,290,0.4447852760736196
1306,140,147,287,0.3614609571788413
1307,159,236,395,0.4197662061636557
1308,152,99,251,0.34289617486338797
1309,112,165,277,0.40976331360946744
1310,168,290,458,0.4810924369747899
1311,85,180,265,0.5849889624724062
1312,123,174,297,0.5409836065573771
1313,141,262,403,0.5274869109947644
1314,122,214,336,0.5316455696202531
1315,136,266,402,0.5324503311258278
1316,161,244,405,0.4753521126760563
1317,93,144,237,0.40033783783783783
1318,130,136,266,0.34411384217335056
1319,125,191,316,0.39748427672955977
1320,106,152,258,0.3944954128440367
1321,93,180,273,0.4849023090586146
1322,136,234,370,0.4946524064171123
1323,99,169,268,0.43295638126009695
1324,83,124,207,0.36
1325,140,216,356,0.5071225071225072
1326,114,200,314,0.4109947643979058
1327,116,191,307,0.441726618705036
1328,121,207,328,0.4332892998678996
1329,97,160,257,0.4304857621440536
1330,99,133,232,0.3945578231292517
1331,129,210,339,0.4124087591240876
1332,136,203,339,0.41595092024539876
1333,77,91,168,0.3421588594704684
1334,121,156,277,0.4504065040650406
1335,94,153,247,0.43031358885017423
1336,104,175,279,0.41150442477876104
1337,119,183,302,0.4467455621301775
1338,152,168,320,0.4166666666666667
1339,144,172,316,0.3848964677222899
1340,79,127,206,0.4195519348268839
1341,86,115,201,0.34655172413793106
1342,128,100,228,0.3387815750371471
1343,117,161,278,0.4186746987951807
1344,88,126,214,0.31516936671575846
1345,109,102,211,0.26211180124223604
1346,146,179,325,0.3859857482185273
1347,120,122,242,0.3086734693877551
1348,165,198,363,0.40468227424749165
1349,143,165,308,0.402088772845953
1350,185,190,375,0.4045307443365696
1351,164,131,295,0.370138017565872
1352,97,122,219,0.3532258064516129
1353,104,106,210,0.302158273381295
1354,102,191,293,0.4771986970684039
1355,118,154,272,0.4171779141104294
1356,103,225,328,0.6212121212121212
1357,104,217,321,0.5621716287215411
1358,150,234,384,0.5168236877523553
1359,158,207,365,0.45285359801488834
1360,145,251,396,0.5044585987261146
1361,125,253,378,0.5271966527196653
1362,127,278,405,0.4891304347826087
1363,122,240,362,0.4833110814419226
1364,103,147,250,0.41946308724832215
1365,84,190,274,0.4748700173310225
1366,113,234,347,0.49928057553956834
1367,139,231,370,0.4966442953020134
1368,150,250,400,0.5347593582887701
1369,130,263,393,0.49558638083228246
1370,108,265,373,0.523876404494382
1371,116,222,338,0.4543010752688172
1372,135,283,418,0.5284450063211125
1373,204,259,463,0.5279361459521095
1374,184,324,508,0.5364308342133052
1375,162,331,493,0.5876042908224076
1376,138,298,436,0.5596919127086007
1377,135,329,464,0.5076586433260394
1378,118,237,355,0.509325681492109
1379,124,250,374,0.48634590377113135
1380,163,226,389,0.5597122302158274
1381,158,242,400,0.5772005772005772
1382,124,165,289,0.4256259204712813
1383,106,270,376,0.4619164619164619
1384,75,239,314,0.5242070116861436
1385,92,234,326,0.5216
1386,120,265,385,0.4700854700854701
1387,107,240,347,0.43159203980099503
1388,72,247,319,0.4505649717514124
1389,93,227,320,0.48265460030165913
1390,80,280,360,0.509915014164306
1391,125,345,470,0.5286839145106862
1392,101,363,464,0.6057441253263708
1393,132,345,477,0.6107554417413572
1394,100,349,449,0.550920245398773
1395,108,307,415,0.5446194225721784
1396,80,262,342,0.5480769230769231
1397,138,323,461,0.526255707762557
1398,72,375,447,0.5504926108374384
1399,127,307,434,0.5318627450980392
1400,94,261,355,0.5581761006289309
1401,149,351,500,0.5681818181818182
1402,107,430,537,0.6040494938132733
1403,79,376,455,0.610738255033557
1404,79,376,455,0.4784437434279706
1405,94,335,429,0.5637319316688568
1406,121,313,434,0.5197604790419161
1407,82,241,323,0.5627177700348432
1408,126,241,367,0.5176304654442877
1409,126,259,385,0.5160857908847185
1410,150,260,410,0.4875148632580262
1411,65,207,272,0.4874551971326165
1412,126,275,401,0.46039035591274396
1413,107,255,362,0.43825665859564167
1414,140,262,402,0.49385749385749383
1415,76,182,258,0.4425385934819897
1416,135,260,395,0.42245989304812837
1417,92,250,342,0.4978165938864629
1418,130,340,470,0.5257270693512305
1419,136,261,397,0.4743130227001195
1420,106,258,364,0.45671267252195735
1421,69,212,281,0.4652317880794702
1422,116,318,434,0.47535596933187296
1423,100,237,337,0.546191247974068
1424,108,173,281,0.318955732122588
1425,92,240,332,0.43455497382198954
1426,93,286,379,0.5903426791277259
1427,115,361,476,0.5987421383647799
1428,137,304,441,0.47830802603036876
1429,137,295,432,0.5179856115107914
1430,114,279,393,0.4839901477832512
1431,117,312,429,0.5335820895522388
1432,117,273,390,0.46987951807228917
1433,67,231,298,0.5200698080279232
1434,124,240,364,0.4918918918918919
1435,90,276,366,0.48157894736842105
1436,122,219,341,0.5081967213114754
1437,147,339,486,0.5376106194690266
1438,111,309,420,0.5060240963855421
1439,127,262,389,0.524966261808367
1440,132,252,384,0.5281980742778541
1441,127,265,392,0.5137614678899083
1442,143,280,423,0.5444015444015444
1443,137,251,388,0.5236167341430499
1444,104,263,367,0.5342066957787481
1445,149,297,446,0.5108820160366552
1446,191,352,543,0.5609504132231405
1447,100,207,307,0.5404929577464789
1448,182,351,533,0.5676251331203408
1449,86,252,338,0.5256609642301711
1450,100,196,296,0.49498327759197325
1451,201,336,537,0.5468431771894093
1452,162,328,490,0.5450500556173526
1453,175,330,505,0.5495103373231773
1454,146,208,354,0.5190615835777126
1455,162,341,503,0.5588888888888889
1456,116,254,370,0.5285714285714286
1457,182,246,428,0.5459183673469388
1458,185,294,479,0.5334075723830735
1459,216,289,505,0.5126903553299492
1460,187,257,444,0.5051194539249146
1461,113,147,260,0.4878048780487805
1462,162,264,426,0.5583224115334207
1463,151,263,414,0.5194479297365119
1464,160,251,411,0.5930735930735931
1465,178,297,475,0.5151843817787418
1466,157,342,499,0.5471491228070176
1467,106,239,345,0.5948275862068966
1468,138,232,370,0.4755784061696658
1469,82,200,282,0.4325153374233129
1470,137,233,370,0.48812664907651715
1471,152,181,333,0.4393139841688654
1472,154,292,446,0.5392986698911729
1473,147,293,440,0.5562579013906448
1474,118,208,326,0.5759717314487632
1475,127,215,342,0.5816326530612245
1476,117,215,332,0.538961038961039
1477,122,233,355,0.5916666666666667
1478,82,154,236,0.45472061657032753
1479,104,252,356,0.5151953690303908
1480,144,371,515,0.5555555555555556
1481,125,330,455,0.5818414322250639
1482,137,276,413,0.4847417840375587
1483,87,163,250,0.3633720930232558
1484,99,316,415,0.49404761904761907
1485,107,240,347,0.470189701897019
1486,79,180,259,0.3425925925925926
1487,111,222,333,0.5702054794520548
1488,104,255,359,0.4891008174386921
1489,95,195,290,0.4334828101644245
1490,111,275,386,0.49550706033376124
1491,102,245,347,0.4465894465894466
1492,100,271,371,0.467843631778058
1493,120,352,472,0.5856079404466501
1494,91,313,404,0.5511596180081856
1495,145,339,484,0.5456595264937993
1496,132,272,404,0.46867749419953597
1497,104,283,387,0.4849624060150376
1498,137,261,398,0.5089514066496164
1499,138,224,362,0.49386084583901774
1500,121,265,386,0.47890818858560796
1501,150,236,386,0.5376044568245125
1502,107,217,324,0.5070422535211268
1503,181,97,278,0.5593561368209256
1504,121,255,376,0.49801324503311256
1505,149,361,510,0.6078665077473182
1506,191,373,564,0.5567620927936822
1507,169,337,506,0.5184426229508197
1508,189,314,503,0.6009557945041816
1509,206,314,520,0.7334273624823695
1510,172,350,522,0.48922211808809746
1511,129,278,407,0.5355263157894737
1512,151,225,376,0.5497076023391813
1513,163,345,508,0.5336134453781513
1514,152,271,423,0.5500650195058517
1515,162,290,452,0.5458937198067633
1516,156,267,423,0.5280898876404494
1517,115,212,327,0.5967153284671532
1518,170,399,569,0.5951882845188284
1519,164,305,469,0.5211111111111111
1520,107,230,337,0.5654362416107382
1521,136,251,387,0.516
1522,78,135,213,0.5083532219570406
1523,135,314,449,0.5364396654719236
1524,192,402,594,0.5934065934065934
1525,168,336,504,0.5436893203883495
1526,146,329,475,0.5379388448471121
1527,122,231,353,0.5237388724035609
1528,151,342,493,0.5772833723653396
1529,127,198,325,0.5293159609120521
1530,151,279,430,0.5584415584415584
1531,112,222,334,0.5680272108843537
1532,120,332,452,0.5854922279792746
1533,136,371,507,0.5715896279594137
1534,163,351,514,0.5404837013669821
1535,113,229,342,0.5051698670605613
1536,121,104,225,0.4817987152034261
1537,159,281,440,0.5994550408719346
1538,169,324,493,0.6131840796019901
1539,118,273,391,0.5370879120879121
1540,110,295,405,0.5593922651933702
1541,148,245,393,0.6121495327102804
1542,140,256,396,0.5866666666666667
1543,116,197,313,0.5961904761904762
1544,146,314,460,0.58898847631242
1545,136,335,471,0.5102925243770314
1546,291,144,435,0.5576923076923077
1547,122,379,501,0.630188679245283
1548,131,299,430,0.508274231678487
1549,127,260,387,0.5194630872483221
1550,124,202,326,0.5506756756756757
1551,123,287,410,0.5639614855570839
1552,176,286,462,0.5378346915017462
1553,141,290,431,0.5023310023310024
1554,102,68,170,0.367170626349892
1555,113,107,220,0.3548387096774194
1556,111,101,212,0.29859154929577464
1557,190,282,472,0.5475638051044084
1558,168,299,467,0.47315096251266464
1559,177,282,459,0.5145739910313901
1560,177,282,459,
1561,93,182,275,0.5009107468123861
1562,126,205,331,0.5726643598615917
1563,76,160,236,0.5
1564,216,281,497,0.5259259259259259
1565,149,237,386,0.5475177304964539
1566,166,212,378,0.5220994475138122
1567,167,245,412,0.390521327014218
1568,150,301,451,0.5513447432762836
1569,175,269,444,0.555
1570,114,220,334,0.5007496251874063
1571,132,225,357,0.5296735905044511
1572,168,280,448,0.48695652173913045
1573,170,264,434,0.7805755395683454
1574,89,215,304,0.509212730318258
1575,147,267,414,0.49640287769784175
1576,82,108,190,0.33989266547406083
1577,145,287,432,0.5639686684073107
1578,95,117,212,0.26903553299492383
1579,157,144,301,0.3096707818930041
1580,94,107,201,0.29428989751098095
1581,139,155,294,0.36795994993742176
1582,98,121,219,0.2840466926070039
1583,114,103,217,0.3258258258258258
1584,195,203,398,0.471563981042654
1585,120,184,304,0.3963494132985658
1586,149,156,305,0.3971354166666667
1587,146,124,270,0.36193029490616624
1588,106,116,222,0.3563402889245586
1589,154,176,330,0.34591194968553457
1590,175,153,328,0.39709443099273606
1591,200,176,376,0.3604985618408437
1592,194,206,400,0.4352557127312296
1593,156,215,371,0.5188811188811189
1594,202,233,435,0.5111633372502937
1595,177,302,479,0.4897750511247444
1596,158,207,365,0.37018255578093306
1597,210,216,426,0.4824462061155153
1598,160,209,369,0.4829842931937173
1599,200,279,479,0.5026232948583421
1600,148,218,366,0.49931787175989084
1601,113,240,353,0.610726643598616
1602,128,147,275,0.4708904109589041
1603,225,385,610,0.5308964316797214
1604,25,20,45,0.4639175257731959
1605,190,376,566,0.6092572658772875
1606,166,325,491,0.5325379609544468
1607,177,326,503,0.506036217303823
1608,171,296,467,0.5765432098765432
1609,135,350,485,0.5936352509179926
1610,155,361,516,0.607773851590106
1611,121,112,233,0.32724719101123595
1612,145,187,332,0.41866330390920553
1613,97,183,280,0.4117647058823529
1614,121,204,325,0.48872180451127817
1615,95,139,234,0.3605546995377504
1616,106,269,375,0.5165289256198347
1617,97,140,237,0.33286516853932585
1618,100,76,176,0.2691131498470948
1619,119,83,202,0.3037593984962406
1620,108,85,193,0.3107890499194847
1621,90,143,233,0.3612403100775194
1622,84,80,164,0.2523076923076923
1623,163,262,425,0.625920471281296
1624,228,204,432,0.7941176470588235
1625,115,103,218,0.3538961038961039
1626,129,313,442,0.71869918699187
1627,100,312,412,0.6176911544227887
1628,166,273,439,0.5051783659378596
1629,117,236,353,0.25598259608411894
1630,264,144,408,0.49877750611246946
1631,198,339,537,0.5359281437125748
1632,194,380,574,0.553519768563163
1633,173,292,465,0.5819774718397998
1634,153,345,498,0.5343347639484979
1635,159,316,475,0.472636815920398
1636,177,274,451,0.5125
1637,111,156,267,0.48633879781420764
1638,131,254,385,0.5806938159879337
1639,142,252,394,0.5116883116883116
1640,135,244,379,0.5977917981072555
1641,96,102,198,0.35294117647058826
1642,79,102,181,0.35984095427435386
1643,185,206,391,0.5741556534508077
1644,166,243,409,0.5353403141361257
1645,123,226,349,0.48675034867503486
1646,72,166,238,0.5085470085470085
1647,73,143,216,0.46551724137931033
1648,147,256,403,0.5409395973154363
1649,158,260,418,0.5024038461538461
1650,136,277,413,0.5042735042735043
1651,144,303,447,0.4670846394984326
1652,218,383,601,0.5313881520778072
1653,197,349,546,0.522488038277512
1654,119,145,264,0.4714285714285714
1655,123,284,407,0.6038575667655787
1656,128,208,336,0.49266862170087977
1657,118,185,303,0.4334763948497854
1658,143,263,406,0.5901162790697675
1659,135,195,330,0.4888888888888889
1660,107,158,265,0.48534798534798534
1661,116,178,294,0.5166959578207382
1662,124,192,316,0.5007923930269413
1663,124,168,292,0.5397412199630314
1664,154,266,420,0.5630026809651475
1665,113,231,344,0.5648604269293924
1666,123,198,321,0.5095238095238095
1667,122,196,318,0.45493562231759654
1668,190,300,490,0.4257167680278019
1669,195,269,464,0.5087719298245614
1670,134,158,292,0.3989071038251366
1671,97,201,298,0.521891418563923
1672,111,176,287,0.5171171171171172
1673,67,116,183,0.4057649667405765
1674,126,198,324,0.44751381215469616
1675,110,159,269,0.41835147744945567
1676,96,124,220,0.41904761904761906
1677,193,242,435,0.4904171364148816
1678,156,318,474,0.49375
1679,101,234,335,0.5145929339477726
1680,101,142,243,0.3875598086124402
1681,103,114,217,0.2916666666666667
1682,108,221,329,0.504601226993865
1683,144,179,323,0.3997524752475248
1684,112,121,233,0.3098404255319149
1685,139,206,345,0.4087677725118483
1686,121,285,406,0.5758865248226951
1687,166,329,495,0.5386289445048966
1688,155,236,391,0.49745547073791346
1689,156,152,308,0.3556581986143187
1690,167,291,458,0.5175141242937853
1691,123,260,383,0.5724962630792227
1692,145,305,450,0.4961411245865491
1693,224,294,518,0.5216515609264853
1694,159,214,373,0.5246132208157525
1695,105,177,282,0.4862068965517241
1696,162,232,394,0.493116395494368
1697,179,259,438,0.5028702640642939
1698,14,9,23,0.107981220657277
1699,92,276,368,0.4791666666666667
1700,117,220,337,0.44517833553500663
1701,90,157,247,0.4482758620689655
1702,145,225,370,0.4573547589616811
1703,128,242,370,0.5068493150684932
1704,61,143,204,0.47113163972286376
1705,74,120,194,0.4136460554371002
1706,116,249,365,0.4715762273901809
1707,101,222,323,0.4125159642401022
1708,92,203,295,0.49166666666666664
1709,69,306,375,0.4416961130742049
1710,67,250,317,0.46142649199417757
1711,73,231,304,0.5333333333333333
1712,92,386,478,0.5610328638497653
1713,74,364,438,0.5447761194029851
1714,87,306,393,0.3808139534883721
1715,77,228,305,0.30561122244488975
1716,92,274,366,0.4753246753246753
1717,97,306,403,0.42198952879581153
1718,61,195,256,0.4942084942084942
1719,150,261,411,0.5748251748251748
1720,134,241,375,0.5122950819672131
1721,135,132,267,0.4643478260869565
1722,125,233,358,0.4710526315789474
1723,130,262,392,0.5212765957446809
1724,124,260,384,0.4980544747081712
1725,185,277,462,0.47046843177189407
1726,139,235,374,0.4628712871287129
1727,188,184,372,0.462111801242236
1728,153,314,467,0.49417989417989416
1729,136,258,394,0.4259459459459459
1730,81,39,120,0.13636363636363635
1731,177,281,458,0.5055187637969095
1732,223,317,540,0.5325443786982249
1733,186,240,426,0.46455834242093785
1734,177,298,475,0.5191256830601093
1735,169,282,451,0.5256410256410257
1736,163,251,414,0.5018181818181818
1737,188,314,502,0.535181236673774
1738,161,325,486,0.5276872964169381
1739,192,263,455,0.48872180451127817
1740,183,247,430,0.4809843400447427
1741,157,289,446,0.5050962627406569
1742,183,288,471,0.5244988864142539
1743,148,283,431,0.48645598194130923
1744,139,248,387,0.4731051344743276
1745,166,231,397,0.47716346153846156
1746,144,286,430,0.47200878155872666
1747,156,241,397,0.4812121212121212
1748,178,250,428,0.5156626506024097
1749,162,270,432,0.5420326223337516
1750,236,149,385,0.5133333333333333
1751,126,195,321,0.44398340248962653
1752,131,212,343,0.4777158774373259
1753,123,346,469,0.4479465138490926
1754,130,242,372,0.43661971830985913
1755,255,244,499,0.4779693486590038
1756,179,339,518,0.5206030150753769
1757,179,149,328,0.6861924686192469
1758,181,305,486,0.5436241610738255
1759,141,264,405,0.5357142857142857
1760,177,266,443,0.5462392108508015
1761,147,291,438,0.5361077111383109
1762,187,249,436,0.6421207658321061
1763,47,98,145,0.48172757475083056
1764,137,275,412,0.5221799746514575
1765,158,274,432,0.5294117647058824
1766,156,265,421,0.5223325062034739
1767,120,252,372,0.49865951742627346
1768,118,200,318,0.44662921348314605
1769,156,239,395,0.509020618556701
1770,123,284,407,0.47769953051643194
1771,131,261,392,0.4574095682613769
1772,152,222,374,0.5095367847411444
1773,122,244,366,0.5104602510460251
1774,118,283,401,0.51213282247765
1775,176,256,432,0.5148986889153755
1776,148,269,417,0.5135467980295566
1777,138,248,386,0.46562123039806996
1778,140,242,382,0.4675642594859241
1779,150,248,398,0.49874686716791977
1780,158,242,400,0.4878048780487805
1781,168,252,420,0.46153846153846156
1782,119,230,349,0.43734335839599
1783,158,392,550,0.5434782608695652
1784,160,343,503,0.5362473347547975
1785,212,399,611,0.5317667536988686
1786,146,405,551,0.5499001996007984
1787,185,345,530,0.5252725470763132
1788,151,369,520,0.5875706214689266
1789,163,338,501,0.5542035398230089
1790,219,306,525,0.5781938325991189
1791,193,348,541,0.5377733598409543
1792,251,305,556,0.5532338308457712
1793,197,353,550,0.5329457364341085
1794,191,320,511,0.5356394129979035
1795,209,361,570,0.5571847507331378
1796,217,305,522,0.5460251046025104
1797,192,345,537,0.6013437849944009
1798,192,329,521,0.5220440881763527
1799,176,281,457,0.5363849765258216
1800,177,307,484,0.5931372549019608
1801,189,324,513,0.5551948051948052
1802,184,298,482,0.5779376498800959
1803,186,362,548,0.589247311827957
1804,199,392,591,0.58399209486166
1805,168,342,510,0.5329153605015674
1806,248,294,542,0.5675392670157068
1807,192,301,493,0.5250266240681576
1808,190,355,545,0.5566905005107252
1809,109,178,287,0.4728171334431631
1810,182,333,515,0.8135860979462876
1811,103,156,259,0.4457831325301205
1812,106,108,214,0.31892697466467956
1813,204,225,429,0.4578441835645678
1814,135,196,331,0.4534246575342466
1815,196,240,436,0.4453524004085802
1816,134,209,343,0.4797202797202797
1817,148,204,352,0.47956403269754766
1818,147,174,321,0.3558758314855876
1819,157,188,345,0.39655172413793105
1820,144,188,332,0.3705357142857143
1821,169,200,369,0.3804123711340206
1822,135,183,318,0.37149532710280375
1823,156,240,396,0.4226254002134472
1824,150,161,311,0.394169835234474
1825,111,139,250,0.3324468085106383
1826,145,133,278,0.36578947368421055
1827,146,130,276,0.3150684931506849
1828,143,143,286,0.3153252480705623
1829,225,248,473,0.49117341640706125
1830,166,235,401,0.4860606060606061
1831,164,196,360,0.48
1832,186,191,377,0.4575242718446602
1833,151,253,404,0.42171189979123175
1834,150,194,344,0.4215686274509804
1835,146,202,348,0.3923337091319053
1836,152,202,354,0.4022727272727273
1837,162,248,410,0.43617021276595747
1838,203,199,402,0.43506493506493504
1839,154,200,354,0.3802363050483351
1840,121,202,323,0.3340227507755946
1841,157,204,361,0.4047085201793722
1842,150,170,320,0.3305785123966942
1843,149,116,265,0.2987598647125141
1844,146,98,244,0.310828025477707
1845,117,91,208,0.21052631578947367
1846,148,102,250,0.25380710659898476
1847,262,246,508,0.46139872842870117
1848,159,133,292,0.2908366533864542
1849,128,100,228,0.26480836236933797
1850,169,152,321,0.3101449275362319
1851,141,165,306,0.3963730569948187
1852,163,178,341,0.45165562913907287
1853,173,211,384,0.5231607629427792
1854,138,269,407,0.49755501222493886
1855,125,227,352,0.4693333333333333
1856,157,273,430,0.4756637168141593
1857,174,266,440,0.4983012457531144
1858,114,274,388,0.485
1859,171,301,472,0.5232815964523282
1860,185,210,395,0.4647058823529412
1861,147,218,365,0.4101123595505618
1862,110,190,300,0.47619047619047616
1863,186,326,512,0.5300207039337475
1864,144,301,445,0.5011261261261262
1865,130,186,316,0.4322845417236662
1866,267,238,505,0.4688950789229341
1867,157,209,366,0.4168564920273349
1868,137,161,298,0.3413516609392898
1869,119,170,289,0.3748378728923476
1870,135,200,335,0.41003671970624234
1871,188,243,431,0.4624463519313305
1872,111,154,265,0.4015151515151515
1873,152,222,374,0.4078516902944384
1874,120,234,354,0.39864864864864863
1875,127,268,395,0.4840686274509804
1876,122,158,280,0.4582651391162029
1877,126,204,330,0.4465493910690122
1878,132,226,358,0.4013452914798206
1879,158,280,438,0.4397590361445783
1880,129,248,377,0.44196951934349354
1881,192,284,476,0.5811965811965812
1882,162,246,408,0.4646924829157175
1883,124,167,291,0.2623985572587917
1884,184,262,446,0.4588477366255144
1885,238,266,504,0.4154987633965375
1886,233,174,407,0.32664526484751205
1887,130,289,419,0.6546875
1888,109,186,295,0.42263610315186245
1889,153,360,513,0.5422832980972516
1890,123,193,316,0.47305389221556887
1891,139,196,335,0.5394524959742351
1892,112,156,268,0.4104134762633997
1893,175,266,441,0.4830230010952902
1894,141,218,359,0.4917808219178082
1895,210,342,552,0.5884861407249466
1896,165,233,398,0.45227272727272727
1897,125,249,374,0.4788732394366197
1898,123,197,320,0.42953020134228187
1899,160,347,507,0.49271137026239065
1900,138,283,421,0.5517693315858454
1901,160,218,378,0.4369942196531792
1902,117,195,312,0.4315352697095436
1903,104,196,300,0.4103967168262654
1904,81,256,337,0.4529569892473118
1905,162,226,388,0.4987146529562982
1906,131,235,366,0.4250871080139373
1907,137,204,341,0.4885386819484241
1908,180,255,435,0.4931972789115646
1909,235,226,461,0.4101423487544484
1910,114,234,348,0.44050632911392407
1911,72,111,183,0.4441747572815534
1912,120,224,344,0.4718792866941015
1913,137,172,309,0.3946360153256705
1914,146,196,342,0.5022026431718062
1915,106,174,280,0.445859872611465
1916,140,153,293,0.4109396914446003
1917,114,209,323,0.45174825174825173
1918,138,180,318,0.451063829787234
1919,149,270,419,0.5427461139896373
1920,258,301,559,0.4810671256454389
1921,137,225,362,0.4582278481012658
1922,158,123,281,0.333729216152019
1923,172,194,366,0.4159090909090909
1924,141,223,364,0.45161290322580644
1925,185,255,440,0.44132397191574724
1926,153,262,415,0.46472564389697646
1927,186,253,439,0.431237721021611
1928,169,250,419,0.38021778584392013
1929,146,183,329,0.28809106830122594
1930,231,217,448,0.4226415094339623
1931,143,147,290,0.2796528447444552
1932,86,62,148,0.2138728323699422
1933,184,201,385,0.34936479128856623
1934,130,187,317,0.4360385144429161
1935,147,207,354,0.4199288256227758
1936,138,165,303,0.42436974789915966
1937,220,275,495,0.5605889014722537
1938,193,266,459,0.5151515151515151
1939,199,249,448,0.49944258639910816
1940,166,287,453,0.5147727272727273
1941,145,192,337,0.4554054054054054
1942,181,222,403,0.533068783068783
1943,164,221,385,0.5092592592592593
1944,160,204,364,0.4422843256379101
1945,186,267,453,0.5425149700598803
1946,204,259,463,0.5104740904079382
1947,258,373,631,0.5374787052810903
1948,241,323,564,0.5497076023391813
1949,197,289,486,0.474609375
1950,233,257,490,0.44954128440366975
1951,93,104,197,0.39878542510121456
1952,200,250,450,0.45045045045045046
1953,243,246,489,0.4255874673629243
1954,223,236,459,0.47417355371900827
1955,157,177,334,0.3450413223140496
1956,158,153,311,0.33476856835306784
1957,208,171,379,0.3676042677012609
1958,144,171,315,0.3879310344827586
1959,233,214,447,0.45288753799392095
1960,162,206,368,0.3898305084745763
1961,148,163,311,0.3486547085201794
1962,182,112,294,0.32166301969365424
1963,116,89,205,0.33171521035598706
1964,25,6,31,0.44285714285714284
1965,219,210,429,0.358695652173913
1966,272,257,529,0.4770063119927863
1967,283,216,499,0.44713261648745517
1968,256,241,497,0.4825242718446602
1969,182,220,402,0.42138364779874216
1970,274,273,547,0.4870881567230632
1971,274,233,507,0.5178753830439223
1972,245,233,478,0.38057324840764334
1973,223,327,550,0.5303760848601736
1974,157,214,371,0.42939814814814814
1975,172,268,440,0.4386839481555334
1976,145,242,387,0.43977272727272726
1977,171,199,370,0.4659949622166247
1978,187,286,473,0.48216106014271154
1979,205,239,444,0.36126932465419037
1980,162,156,318,0.3873325213154689
1981,228,183,411,0.36894075403949733
1982,191,185,376,0.30971993410214166
1983,198,178,376,0.3387387387387387
1984,172,154,326,0.31619786614936957
1985,122,300,422,0.4085188770571152
1986,146,171,317,0.3390374331550802
1987,118,172,290,0.2935222672064777
1988,158,163,321,0.36560364464692485
1989,194,202,396,0.3944223107569721
1990,138,223,361,0.3906926406926407
1991,135,161,296,0.36770186335403726
1992,118,132,250,0.2958579881656805
1993,97,120,217,0.3214814814814815
1994,148,141,289,0.3356562137049942
1995,140,172,312,0.33226837060702874
1996,164,218,382,0.4220994475138122
1997,140,236,376,0.5067385444743935
1998,150,199,349,0.3216589861751152
1999,219,173,392,0.33475661827497866
2000,188,267,455,0.43374642516682554
2001,202,325,527,0.422275641025641
2002,172,249,421,0.4226907630522088
2003,183,177,360,0.35714285714285715
2004,196,227,423,0.3516209476309227
2005,167,327,494,0.40894039735099336
2006,140,214,354,0.3933333333333333
2007,131,142,273,0.3293124246079614
2008,191,268,459,0.4434782608695652
2009,210,251,461,0.4767321613236815
2010,152,151,303,0.3230277185501066
2011,111,103,214,0.28609625668449196
2012,128,121,249,0.289198606271777
2013,195,217,412,0.47685185185185186
2014,120,145,265,0.31103286384976525
2015,146,201,347,0.37072649572649574
2016,194,202,396,0.3193548387096774
2017,190,273,463,0.4606965174129353
2018,150,174,324,0.484304932735426
2019,189,363,552,0.5587044534412956
2020,125,204,329,0.4283854166666667
2021,169,222,391,0.5185676392572944
2022,170,188,358,0.4525916561314791
2023,182,206,388,0.5065274151436031
2024,130,202,332,0.43973509933774835
2025,225,250,475,0.523704520396913
2026,181,199,380,0.40772532188841204
2027,169,208,377,0.44042056074766356
2028,152,248,400,0.46296296296296297
2029,135,209,344,0.3805309734513274
2030,146,123,269,0.31985731272294887
2031,232,166,398,0.32649712879409354
2032,172,244,416,0.33848657445077296
2033,236,179,415,0.41583166332665333
2034,234,244,478,0.3930921052631579
2035,172,270,442,0.49330357142857145
2036,190,329,519,0.5722160970231532
2037,172,209,381,0.4948051948051948
2038,214,193,407,0.4619750283768445
2039,148,219,367,0.5445103857566765
2040,131,230,361,0.5239477503628447
2041,186,166,352,0.5382262996941896
2042,208,288,496,0.5362162162162162
2043,226,230,456,0.41379310344827586
2044,148,217,365,0.46794871794871795
2045,227,182,409,0.43649946638207043
2046,211,159,370,0.3490566037735849
2047,186,163,349,0.33174904942965777
2048,180,161,341,0.38487584650112866
2049,186,239,425,0.4624591947769314
2050,131,257,388,0.4127659574468085
2051,210,326,536,0.5037593984962406
2052,173,280,453,0.4463054187192118
2053,215,244,459,0.38218151540383016
2054,234,224,458,0.38262322472848787
2055,165,171,336,0.35974304068522484
2056,225,166,391,0.2991583779648049
2057,205,157,362,0.37985309548793283
2058,156,142,298,0.258008658008658
2059,208,200,408,0.35571054925893636
2060,223,178,401,0.3632246376811594
2061,191,183,374,0.34501845018450183
2062,195,183,378,0.42376681614349776
2063,148,228,376,0.3008
2064,111,86,197,0.47699757869249393
2065,258,120,378,0.441588785046729
2066,164,139,303,0.32063492063492066
2067,316,217,533,0.46672504378283713
2068,194,222,416,0.37749546279491836
2069,168,193,361,0.38858988159311086
2070,187,206,393,0.3546931407942238
2071,226,236,462,0.440419447092469
2072,246,206,452,0.4574898785425101
2073,204,181,385,0.3112368633791431
2074,236,184,420,0.30724213606437456
2075,212,178,390,0.32231404958677684
2076,258,219,477,0.468565815324165
2077,273,186,459,0.36457505957108816
2078,178,218,396,0.32917705735660846
2079,215,226,441,0.375
2080,212,165,377,0.3018414731785428
2081,289,228,517,0.40869565217391307
2082,210,184,394,0.29848484848484846
2083,249,218,467,0.3831009023789992
2084,247,259,506,0.3910355486862442
2085,239,169,408,0.3279742765273312
2086,190,224,414,0.42505133470225875
2087,173,198,371,0.45465686274509803
2088,153,206,359,0.36972193614830073
2089,176,194,370,0.4143337066069429
2090,202,197,399,0.4539249146757679
2091,189,173,362,0.4525
2092,180,216,396,0.4454443194600675
2093,204,171,375,0.4534461910519952
2094,175,180,355,0.44654088050314467
2095,225,248,473,0.46236559139784944
2096,198,203,401,0.3942969518190757
2097,135,76,211,0.3701754385964912
2098,184,104,288,0.401673640167364
2099,192,204,396,0.3944223107569721
2100,175,155,330,0.39759036144578314
2101,211,113,324,0.3544857768052516
2102,220,130,350,0.29411764705882354
2103,145,201,346,0.48055555555555557
2104,194,182,376,0.3953732912723449
2105,141,205,346,0.43522012578616354
2106,141,155,296,0.4016282225237449
2107,150,143,293,0.4120956399437412
2108,82,140,222,0.46540880503144655
2109,172,250,422,0.425832492431887
2110,183,114,297,0.31528662420382164
2111,231,270,501,0.49021526418786693
2112,174,217,391,0.464922711058264
2113,141,157,298,0.4257142857142857
2114,93,251,344,0.5142002989536621
2115,122,247,369,0.4900398406374502
2116,100,198,298,0.43567251461988304
2117,116,173,289,0.463884430176565
2118,75,163,238,0.4146341463414634
2119,129,237,366,0.47164948453608246
2120,112,159,271,0.4562289562289562
2121,173,236,409,0.5311688311688312
2122,181,234,415,0.5585464333781965
2123,112,267,379,0.583076923076923
2124,149,231,380,0.5352112676056338
2125,188,301,489,0.5607798165137615
2126,184,251,435,0.5807743658210948
2127,209,253,462,0.5121951219512195
2128,201,252,453,0.5084175084175084
2129,203,309,512,0.5663716814159292
2130,143,225,368,0.5006802721088436
2131,165,303,468,0.5512367491166078
2132,126,169,295,0.43898809523809523
2133,128,227,355,0.4226190476190476
2134,138,193,331,0.48462664714494874
2135,114,154,268,0.4459234608985025
2136,270,145,415,0.5327342747111682
2137,183,352,535,0.5297029702970297
2138,146,335,481,0.5625730994152047
2139,140,307,447,0.5073779795686719
2140,132,296,428,0.4713656387665198
2141,107,262,369,0.4251152073732719
2142,141,307,448,0.5758354755784062
2143,125,313,438,0.5414091470951793
2144,104,370,474,0.5576470588235294
2145,148,230,378,0.5718608169440242
2146,164,319,483,0.5408734602463606
2147,133,234,367,0.4427020506634499
2148,108,224,332,0.5442622950819672
2149,141,281,422,0.5368956743002544
2150,124,220,344,0.5781512605042017
2151,200,236,436,0.48769574944071586
2152,183,246,429,0.5375939849624061
2153,213,240,453,0.507847533632287
2154,193,201,394,0.5360544217687074
2155,202,229,431,0.5360696517412935
2156,124,169,293,0.4185714285714286
2157,179,266,445,0.5210772833723654
2158,174,263,437,0.5704960835509139
2159,181,255,436,0.5272067714631197
2160,219,215,434,0.46817691477885653
2161,205,231,436,0.46881720430107526
2162,256,247,503,0.498019801980198
2163,206,255,461,0.5027262813522355
2164,230,271,501,0.49311023622047245
2165,192,251,443,0.5261282660332541
2166,230,278,508,0.546236559139785
2167,218,248,466,0.49786324786324787
2168,215,286,501,0.5240585774058577
2169,297,231,528,0.5062320230105465
2170,172,213,385,0.5032679738562091
2171,161,181,342,0.45
2172,191,348,539,0.5472081218274112
2173,157,304,461,0.5372960372960373
2174,203,299,502,0.5284210526315789
2175,133,214,347,0.5313935681470138
2176,153,283,436,0.5484276729559748
2177,145,311,456,0.5345838218053928
2178,127,333,460,0.5548854041013269
2179,98,280,378,0.5423242467718795
2180,132,265,397,0.512258064516129
2181,107,314,421,0.5315656565656566
2182,142,255,397,0.52443857331572
2183,147,277,424,0.5260545905707196
2184,161,299,460,0.5522208883553421
2185,166,204,370,0.41294642857142855
2186,158,318,476,0.5390713476783692
2187,148,301,449,0.5294811320754716
2188,148,170,318,0.3693379790940767
2189,156,285,441,0.527511961722488
2190,158,306,464,0.540162980209546
2191,150,320,470,0.5310734463276836
2192,102,262,364,0.5313868613138686
2193,125,267,392,0.5739385065885798
2194,116,222,338,0.5469255663430421
2195,121,284,405,0.5964653902798233
2196,135,287,422,0.5985815602836879
2197,113,257,370,0.5401459854014599
2198,98,234,332,0.5834797891036907
2199,139,262,401,0.5786435786435786
2200,98,307,405,0.6044776119402985
2201,221,95,316,0.5448275862068965
2202,130,304,434,0.6575757575757576
2203,131,282,413,0.6219879518072289
2204,114,254,368,0.5723172628304821
2205,134,269,403,0.6238390092879257
2206,115,269,384,0.5935085007727975
2207,105,328,433,0.571994715984148
2208,126,302,428,0.582312925170068
2209,132,253,385,0.5661764705882353
2210,86,225,311,0.5446584938704028
2211,61,177,238,0.47035573122529645
2212,128,125,253,0.466789667896679
2213,76,203,279,0.4626865671641791
2214,134,164,298,0.43888070692194403
2215,154,181,335,0.5083459787556904
2216,148,175,323,0.46474820143884893
2217,157,188,345,0.5458860759493671
2218,118,268,386,0.5331491712707183
2219,183,254,437,0.5697522816166884
2220,130,145,275,0.4098360655737705
2221,121,187,308,0.463855421686747
2222,118,166,284,0.4905008635578584
2223,80,203,283,0.4772344013490725
2224,167,162,329,0.5164835164835165
2225,132,136,268,0.40483383685800606
2226,259,239,498,0.5582959641255605
2227,219,230,449,0.49723145071982283
2228,237,235,472,0.48760330578512395
2229,178,229,407,0.4945321992709599
2230,182,158,340,0.4748603351955307
2231,119,166,285,0.504424778761062
2232,227,163,390,0.5676855895196506
2233,191,197,388,0.5799701046337817
2234,203,230,433,0.5843454790823212
2235,222,189,411,0.5829787234042553
2236,225,280,505,0.4874517374517375
2237,178,220,398,0.5489655172413793
2238,150,160,310,0.504885993485342
2239,201,232,433,0.5223160434258143
2240,204,272,476,0.5288888888888889
2241,240,181,421,0.4982248520710059
2242,175,255,430,0.5341614906832298
2243,200,191,391,0.48875
2244,271,232,503,0.5702947845804989
2245,174,239,413,0.46248600223964165
2246,128,172,300,0.45454545454545453
2247,96,161,257,0.37518248175182484
2248,134,184,318,0.4162303664921466
2249,113,152,265,0.42604501607717044
2250,98,141,239,0.38118022328548645
2251,84,134,218,0.3879003558718861
2252,96,197,293,0.4991482112436116
2253,107,224,331,0.4343832020997375
2254,127,184,311,0.500805152979066
2255,150,250,400,0.5563282336578581
2256,184,196,380,0.45949214026602175
2257,204,233,437,0.40613382899628253
2258,115,211,326,0.42118863049095606
2259,143,185,328,0.422680412371134
2260,114,181,295,0.4867986798679868
2261,116,155,271,0.4274447949526814
2262,144,180,324,0.5126582278481012
2263,146,211,357,0.48770491803278687
2264,100,171,271,0.45699831365935917
2265,115,222,337,0.4529569892473118
2266,132,165,297,0.46333853354134164
2267,110,168,278,0.45723684210526316
2268,120,133,253,0.4525939177101968
2269,140,174,314,0.521594684385382
2270,147,126,273,0.46271186440677964
2271,129,207,336,0.48206599713055953
2272,142,224,366,0.6606498194945848
2273,118,184,302,0.4886731391585761
2274,123,209,332,0.5363489499192245
2275,207,261,468,0.8372093023255814
2276,139,141,280,0.4538087520259319
2277,149,244,393,0.7237569060773481
2278,75,94,169,0.24212034383954154
2279,130,132,262,0.4517241379310345
2280,147,151,298,0.40053763440860213
2281,93,168,261,0.4027777777777778
2282,158,242,400,0.6535947712418301
2283,100,125,225,0.35714285714285715
2284,129,209,338,0.6123188405797102
2285,154,140,294,0.459375
2286,120,110,230,0.2994791666666667
2287,108,108,216,0.27979274611398963
2288,123,115,238,0.29024390243902437
2289,161,198,359,0.38979370249728557
2290,147,222,369,0.5379008746355685
2291,137,210,347,0.4670255720053836
2292,131,197,328,0.500763358778626
2293,111,177,288,0.46601941747572817
2294,108,168,276,0.4394904458598726
2295,192,231,423,0.46688741721854304
2296,119,222,341,0.44228274967574577
2297,129,150,279,0.4055232558139535
2298,108,181,289,0.3915989159891599
2299,137,195,332,0.4432576769025367
2300,213,258,471,0.6896046852122987
2301,176,160,336,0.6461538461538462
2302,142,210,352,0.5357686453576864
2303,12,24,36,0.4675324675324675
2304,154,217,371,0.3967914438502674
2305,152,169,321,0.41580310880829013
2306,90,134,224,0.44532803180914515
2307,101,101,202,0.3726937269372694
2308,125,129,254,0.345578231292517
2309,83,113,196,0.3843137254901961
2310,136,231,367,0.5938511326860841
2311,113,191,304,0.43243243243243246
2312,167,207,374,0.562406015037594
2313,82,133,215,0.388086642599278
2314,94,146,240,0.4020100502512563
2315,63,173,236,0.4645669291338583
2316,60,116,176,0.36065573770491804
2317,99,131,230,0.4364326375711575
2318,187,312,499,0.46854460093896716
2319,99,214,313,0.5106035889070146
2320,115,206,321,0.4483240223463687
2321,114,206,320,0.4819277108433735
2322,94,50,144,0.2360655737704918
2323,102,169,271,0.39911634756995584
2324,161,343,504,0.5111561866125761
2325,109,130,239,0.3621212121212121
2326,103,162,265,0.3891336270190896
2327,78,130,208,0.45414847161572053
2328,98,189,287,0.5070671378091873
2329,111,186,297,0.45692307692307693
2330,92,134,226,0.47379454926624737
2331,103,151,254,0.4057507987220447
2332,84,100,184,0.39826839826839827
2333,86,140,226,0.3896551724137931
2334,73,155,228,0.4578313253012048
2335,126,153,279,0.5244360902255639
2336,214,204,418,0.5211970074812967
2337,178,223,401,0.49445129469790383
2338,156,215,371,0.4920424403183024
2339,194,241,435,0.558408215661104
2340,121,96,217,0.26691266912669126
2341,121,113,234,0.2864137086903305
2342,140,164,304,0.35514018691588783
2343,42,44,86,0.18143459915611815
2344,121,161,282,0.40575539568345326
2345,257,200,457,0.4247211895910781
2346,280,163,443,0.43135345666991237
2347,301,190,491,0.40411522633744856
2348,198,221,419,0.35299073294018535
2349,180,186,366,0.44525547445255476
2350,114,203,317,0.43424657534246575
2351,110,149,259,0.3607242339832869
2352,103,103,206,0.3850467289719626
2353,219,149,368,0.48741721854304637
2354,103,219,322,0.4548022598870056
2355,186,289,475,0.5581668625146886
2356,164,212,376,0.5273492286115007
2357,118,280,398,0.501891551071879
2358,184,228,412,0.49459783913565425
2359,218,290,508,0.5049701789264414
2360,265,218,483,0.508421052631579
2361,255,249,504,0.4675324675324675
2362,231,241,472,0.47342026078234706
2363,270,263,533,0.4746215494211932
2364,230,216,446,0.4415841584158416
2365,247,269,516,0.5048923679060665
2366,195,214,409,0.5170670037926675
2367,161,269,430,0.5276073619631901
2368,167,313,480,0.5448354143019296
2369,128,261,389,0.4223669923995657
2370,99,167,266,0.41497659906396256
2371,135,222,357,0.470976253298153
2372,158,203,361,0.4518147684605757
2373,156,299,455,0.4568273092369478
2374,108,218,326,0.4
2375,162,201,363,0.44539877300613495
2376,128,193,321,0.4385245901639344
2377,103,217,320,0.4306864064602961
2378,140,211,351,0.5021459227467812
2379,139,216,355,0.4771505376344086
2380,101,226,327,0.4684813753581662
2381,145,302,447,0.4790996784565916
2382,85,69,154,0.26970227670753066
2383,204,160,364,0.3087362171331637
2384,174,165,339,0.30026572187776795
2385,249,207,456,0.3982532751091703
2386,143,128,271,0.3533246414602347
2387,179,152,331,0.32675222112537017
2388,158,138,296,0.37420986093552466
2389,183,165,348,0.3261480787253983
2390,189,192,381,0.39036885245901637
2391,184,202,386,0.36312323612417685
2392,207,215,422,0.3969896519285042
2393,205,327,532,0.4307692307692308
2394,112,179,291,0.28869047619047616
2395,171,238,409,0.42295760082730094
2396,142,224,366,0.3796680497925311
2397,126,118,244,0.4066666666666667
2398,149,235,384,0.4343891402714932
2399,154,189,343,0.43861892583120204
2400,115,254,369,0.44138755980861244
2401,104,173,277,0.36933333333333335
2402,196,180,376,0.28059701492537314
2403,209,188,397,0.3056197074672825
2404,86,82,168,0.3870967741935484
2405,134,121,255,0.4194078947368421
2406,253,159,412,0.4067127344521224
2407,218,226,444,0.4348677766895201
2408,166,123,289,0.3644388398486759
2409,212,206,418,0.4126357354392892
2410,197,123,320,0.40973111395646605
2411,203,169,372,0.462111801242236
2412,200,185,385,0.4117647058823529
2413,74,86,160,0.40404040404040403
2414,170,153,323,0.40324594257178525
2415,243,189,432,0.4605543710021322
2416,178,181,359,0.5497702909647779
2417,234,232,466,0.474059003051882
2418,232,185,417,0.4597574421168688
2419,260,175,435,0.4416243654822335
2420,223,128,351,0.3878453038674033
2421,198,164,362,0.4670967741935484
2422,164,154,318,0.3906633906633907
2423,240,139,379,0.3786213786213786
2424,139,145,284,0.4011299435028249
2425,149,176,325,0.397796817625459
2426,144,124,268,0.37799717912552894
2427,72,103,175,0.3514056224899598
2428,66,124,190,0.39501039501039503
2429,99,108,207,0.3520408163265306
2430,137,191,328,0.42988204456094364
2431,100,157,257,0.460573476702509
2432,99,168,267,0.4708994708994709
2433,118,120,238,0.44569288389513106
2434,169,141,310,0.5107084019769358
2435,123,190,313,0.5234113712374582
2436,96,135,231,0.4647887323943662
2437,137,238,375,0.5742725880551302
2438,125,175,300,0.4784688995215311
2439,115,148,263,0.4003044140030441
2440,89,180,269,0.46459412780656306
2441,117,165,282,0.4202682563338301
2442,146,128,274,0.4145234493192133
2443,121,152,273,0.4312796208530806
2444,91,135,226,0.444007858546169
2445,102,98,200,0.36036036036036034
2446,109,87,196,0.38735177865612647
2447,83,155,238,0.4124783362218371
2448,92,151,243,0.44101633393829404
2449,89,120,209,0.4318181818181818
2450,143,154,297,0.4008097165991903
2451,144,205,349,0.465954606141522
2452,138,187,325,0.47723935389133626
2453,97,154,251,0.458029197080292
2454,113,182,295,0.5148342059336823
2455,160,189,349,0.43300248138957814
2456,91,115,206,0.46924829157175396
2457,131,143,274,0.5209125475285171
2458,127,188,315,0.537542662116041
2459,109,160,269,0.4338709677419355
2460,109,160,269,0.34487179487179487
2461,147,148,295,0.5008488964346349
2462,150,206,356,0.5035360678925035
2463,128,167,295,0.5157342657342657
2464,171,213,384,0.5614035087719298
2465,173,184,357,0.5042372881355932
2466,176,228,404,0.4601366742596811
2467,109,117,226,0.41929499072356213
2468,175,183,358,0.48707482993197276
2469,155,162,317,0.5205254515599343
2470,270,264,534,0.5184466019417475
2471,158,159,317,0.3987421383647799
2472,225,201,426,0.45610278372591007
2473,173,200,373,0.4691823899371069
2474,198,268,466,0.4674022066198596
2475,180,159,339,0.44841269841269843
2476,220,197,417,0.3998082454458293
2477,216,182,398,0.4180672268907563
2478,288,256,544,0.5146641438032167
2479,108,111,219,0.3802083333333333
2480,121,96,217,0.38271604938271603
2481,137,278,415,0.520702634880803
2482,145,155,300,0.37546933667083854
2483,121,194,315,0.39276807980049877
2484,136,159,295,0.3949129852744311
2485,129,187,316,0.43169398907103823
2486,105,127,232,0.45401174168297453
2487,164,215,379,0.46503067484662575
2488,83,60,143,0.25444839857651247
2489,150,192,342,0.48169014084507045
2490,130,168,298,0.43759177679882527
2491,136,133,269,0.3746518105849582
2492,117,172,289,0.4345864661654135
2493,117,184,301,0.4681181959564541
2494,76,33,109,0.2564705882352941
2495,98,74,172,0.2747603833865815
2496,103,80,183,0.32332155477031804
2497,139,86,225,0.3794266441821248
2498,233,189,422,0.4418848167539267
2499,211,105,316,0.3739644970414201
2500,176,140,316,0.38164251207729466
2501,136,101,237,0.42702702702702705
2502,154,119,273,0.43402225755166934
2503,150,126,276,0.42201834862385323
2504,217,148,365,0.3014037985136251
2505,210,101,311,0.24015444015444015
2506,216,164,380,0.32674118658641443
2507,244,148,392,0.33590402742073694
2508,194,187,381,0.34479638009049773
2509,221,228,449,0.40089285714285716
2510,235,172,407,0.3720292504570384
2511,159,150,309,0.5073891625615764
2512,160,342,502,0.5810185185185185
2513,147,159,306,0.44028776978417267
2514,265,333,598,0.5254833040421792
2515,267,202,469,0.44966442953020136
2516,218,274,492,0.3901665344964314
2517,158,123,281,0.3673202614379085
2518,106,181,287,0.4491392801251956
2519,126,335,461,0.4787123572170301
2520,189,268,457,0.5395513577331759
2521,113,158,271,0.3843971631205674
2522,107,142,249,0.4256410256410256
2523,162,217,379,0.4301929625425653
2524,137,127,264,0.35106382978723405
2525,143,209,352,0.4693333333333333
2526,132,219,351,0.4943661971830986
2527,174,342,516,0.4708029197080292
2528,255,268,523,0.5112414467253177
2529,242,296,538,0.6141552511415526
2530,66,238,304,0.5170068027210885
2531,227,412,639,0.5720680393912265
2532,170,286,456,0.42696629213483145
2533,61,109,170,0.25718608169440244
2534,76,127,203,0.4027777777777778
2535,3,3,6,0.10909090909090909
2536,152,218,370,0.34872761545711595
2537,8,3,11,0.2037037037037037
2538,209,180,389,0.3191140278917145
2539,153,263,416,0.3463780183180683
2540,205,212,417,0.3567151411462789
2541,213,141,354,0.4092485549132948
2542,196,179,375,0.3232758620689655
2543,110,187,297,0.43805309734513276
2544,238,319,557,0.4550653594771242
2545,132,173,305,0.4511834319526627
2546,228,291,519,0.5635179153094463
2547,224,275,499,0.4134217067108534
2548,287,250,537,0.5080416272469253
2549,246,281,527,0.43916666666666665
2550,212,188,400,0.40816326530612246
2551,225,317,542,0.4044776119402985
2552,215,240,455,0.4614604462474645
2553,117,192,309,0.35805330243337197
2554,251,201,452,0.3837011884550085
2555,187,190,377,0.377
2556,232,177,409,0.3322502030869212
2557,216,166,382,0.33016421780466726
2558,105,67,172,0.14441645675902604
2559,199,145,344,0.28595178719867
2560,253,230,483,0.38031496062992126
2561,134,252,386,0.386
2562,163,218,381,0.5141700404858299
2563,181,296,477,0.501577287066246
2564,218,317,535,0.5009363295880149
2565,224,188,412,0.33853738701725555
2566,232,332,564,0.5122615803814714
2567,163,200,363,0.28117738187451585
2568,4,6,10,0.00916590284142988
2569,24,22,46,
2570,10,14,24,
2571,10,11,21,
2572,16,25,41,
2573,3,10,13,0.8666666666666667
2574,3,10,13,
2575,8,13,21,
2576,7,20,27,
2577,18,18,36,
2578,8,10,18,
2579,8,23,31,
2580,12,23,35,
2581,7,26,33,
2582,13,13,26,
2583,6,14,20,
2584,5,14,19,
2585,4,10,14,
2586,11,7,18,
2587,5,12,17,
2588,9,10,19,
2589,9,9,18,
2590,3,4,7,
2591,14,18,32,
2592,11,12,23,
2593,8,9,17,
2594,16,10,26,
2595,15,26,41,0.5324675324675324
2596,7,8,15,
2597,6,3,9,
2598,10,21,31,
2599,21,29,50,
2600,13,22,35,
2601,4,6,10,
2602,0,0,0,
2603,2,3,5,
